33.10087490081787
62.43350148200989
91.13625693321228
120.11520600318909
157.5765552520752
185.95747876167297
218.23707222938538
248.32654094696045
288.13020873069763
328.84137773513794
358.786913394928
389.7095146179199
425.49193835258484
457.7071659564972
486.8421664237976
516.3676588535309
544.4600117206573
576.4554162025452
606.0218575000763
635.3451008796692
667.1990003585815
696.0170202255249
735.939386844635
767.2616047859192
796.0573353767395
825.5630931854248
853.9338927268982
885.3080766201019
925.0367546081543
959.5269207954407
