109.20523190498352
211.064350605011
312.392982006073
415.80687522888184
519.4468693733215
622.7180109024048
724.872136592865
828.8580296039581
933.0922915935516
1034.31640625
1137.3245108127594
1240.1115138530731
1342.4412531852722
1444.2233114242554
1547.7293145656586
1648.469387292862
1752.8776762485504
1857.7007505893707
1958.6719989776611
2061.20680809021
2165.063417196274
2266.9703500270844
2369.918037176132
2471.9369552135468
2574.3253648281097
2676.0741877555847
2779.657001018524
2882.900984764099
2985.6378107070923
3089.708883047104
3192.631469964981
3294.105199575424
3396.6376383304596
3498.8112065792084
3601.873995780945
3704.2025368213654
3809.103322982788
3915.3984537124634
4020.3212463855743
4125.173773050308
4228.968140363693
4332.252311468124
4436.319440603256
4540.618993759155
4646.454471111298
4751.776626110077
4859.692276477814
4964.880983114243
5071.121435642242
5172.251090288162
5275.264429569244
5378.977858304977
5483.883572816849
5587.452720165253
5689.47505068779
5791.985216856003
5897.772744894028
6000.64151263237
6105.15345621109
6208.64709854126
6308.0507962703705
6412.2144985198975
6514.3210978508
6617.48712849617
6721.138290166855
6826.30769276619
6927.434453725815
7032.866473674774
7135.825407743454
7238.816266775131
7344.424834012985
7450.113919258118
7552.119307518005
7654.05514550209
7757.813522100449
7860.498941898346
7966.59729385376
8069.8535079956055
8174.281712770462
8279.069411993027
8384.2176156044
8490.34735584259
8596.560788869858
8700.313532829285
8805.880477666855
8908.610838890076
9013.924594163895
9113.721626520157
9219.816287517548
9318.985482931137
9422.327260017395
9526.789963722229
9634.84390425682
9737.496188163757
9843.84049987793
9949.151453018188
10052.673350572586
10159.37386918068
10265.839101552963
10368.383693695068
10470.578510284424
10576.931033611298
10682.914623975754
10788.062024831772
10893.220378875732
10998.463104486465
11104.446385622025
11211.22520494461
11310.770847082138
11415.978133916855
11522.052328586578
11628.218064785004
11733.971276044846
11840.445843458176
11946.509185791016
12051.342801809311
12157.916277647018
12265.178133487701
12367.39275598526
12473.636487483978
12579.529558897018
12685.661453723907
12791.729964494705
12897.496545553207
13003.826572179794
13109.888389587402
13216.906497716904
13322.721790790558
13431.883108377457
13539.827526569366
13643.891273498535
13751.821161985397
13852.63582611084
13962.00442147255
14067.127412080765
14172.467000961304
14279.836613893509
14383.563255548477
14490.631305217743
14591.72436594963
14697.27971458435
14802.582830905914
14906.770009994507
15017.222768068314
15124.822198152542
15229.315970182419
15339.421777486801
15447.52226305008
15551.51490855217
15657.783176898956
15767.279196739197
15870.429810523987
15973.59561753273
16081.729982376099
16187.488153457642
16290.801696062088
16400.921494483948
16508.025849819183
16614.175843954086
16717.631187200546
16829.57027745247
16936.957061052322
17045.361288785934
17150.3435485363
17254.79949092865
17363.478849887848
17469.618132591248
17574.327832221985
17676.90580201149
17781.704720258713
17890.127925634384
17994.49364376068
18101.102740764618
18206.396505355835
18309.60548210144
18413.619460105896
18522.331922769547
18626.53459405899
18731.33743238449
18840.479145765305
18946.213823080063
19055.67667579651
19162.70224905014
19269.87175345421
19374.1619784832
19477.00144457817
19581.131230831146
19687.14792561531
19796.215386867523
19901.537931203842
20006.9132168293
20110.79336953163
20215.04946041107
20319.985723018646
20424.22944688797
20528.16748571396
20633.398179531097
20738.74200797081
20843.939141988754
20948.031037330627
21053.89137339592
21161.374517679214
21267.82953262329
21375.319244861603
21474.394911289215
21587.1458029747
21691.365164756775
21789.796036481857
21899.998737812042
22004.02265238762
22101.52139401436
22213.259492635727
22309.371748924255
22424.367025613785
22520.853904247284
22626.27495288849
22736.891736745834
22834.469514608383
22941.820011615753
23053.16166973114
23147.966887950897
23255.448045253754
23359.134263038635
23463.50656604767
23567.401709794998
23672.077169179916
23776.837672472
23879.843094587326
23984.533086538315
24087.13888168335
24190.406779766083
24294.876281499863
24397.07508969307
24502.140448093414
24609.040721654892
24712.5713057518
24820.28277873993
24927.25525546074
25033.419210910797
25131.674874067307
25241.179976701736
25343.908413887024
25447.53426194191
25554.442408323288
25662.547589302063
25768.78172326088
25875.891914367676
25974.298757314682
26082.53751015663
26187.756281375885
26294.384224653244
26403.164861679077
26513.225829839706
26619.345541477203
26718.44762635231
26822.14652657509
26929.949392318726
27039.492387533188
27149.03315806389
27248.53982281685
27361.90626192093
27468.24118900299
27574.84907579422
27684.31498003006
27793.735315561295
27894.285388946533
28006.055814504623
28111.61828660965
28218.05751657486
28329.972774982452
28438.953875780106
28537.803218603134
28645.217121362686
28754.463912010193
28863.504521608353
28962.58482003212
29073.913028240204
29178.00752043724
29287.99647808075
29394.588796377182
29492.22945189476
29598.64963364601
29707.899706602097
29816.0769033432
29916.16794681549
30025.041717529297
30134.719399690628
30244.9154920578
30345.05403661728
30451.66102051735
30562.220998048782
30661.924199581146
30773.271297216415
30879.884013414383
30992.325362682343
31090.941752910614
31203.477799654007
31310.858912467957
31421.81600522995
31520.12996506691
31632.301721572876
31739.194424390793
31848.828468322754
31948.498901605606
32058.54535794258
32173.88773083687
32273.196563005447
32385.08129644394
32498.067761421204
32598.174342155457
32709.740663290024
32817.53841853142
32927.80609059334
33028.1556763649
33140.26251888275
33250.949350595474
33350.3137948513
33458.16812133789
33571.82753562927
33671.44953298569
33784.942484378815
33895.83993053436
33994.27412581444
34107.96005034447
34217.33541679382
34329.36906695366
34428.52354264259
34536.64086937904
34636.22473812103
34746.213297367096
34855.19450354576
34965.649795770645
35064.34338760376
35172.19247698784
35271.09438037872
35381.70632815361
35485.54313445091
35585.67270255089
35699.06765437126
35811.43008470535
35909.5667822361
36021.504705667496
36134.72551488876
36233.7179710865
36345.80198955536
36457.20855975151
36556.36757731438
36664.86064219475
36777.051404714584
36877.282361269
36986.51923704147
37087.335886478424
37200.63795351982
37312.302497148514
37411.12911462784
37520.85100507736
37633.06396341324
37733.89486336708
37849.46137022972
37950.442370176315
38065.43548464775
38178.64121365547
38279.55721902847
38392.05156683922
38494.764620542526
38614.275497198105
38728.45891714096
38830.64056658745
38944.93019199371
39059.91235899925
39162.04696702957
39279.88305354118
39380.48240876198
39492.656604766846
39595.11133098602
39710.52779817581
39822.406237363815
39923.87339401245
40034.45500254631
40137.34259772301
40251.90824127197
40364.3793387413
40466.52427172661
40583.82593917847
40683.12691259384
40796.84531402588
40897.99452662468
41008.24199461937
41123.53460454941
41224.98062610626
41343.41928601265
41443.70417690277
41559.660012722015
41659.86907315254
41771.697556734085
41872.17837667465
41988.81261110306
42103.100481033325
42203.57187438011
42322.23559427261
42422.91418814659
42535.88533616066
42639.387813806534
42753.832751750946
42870.99915647507
42976.64726090431
43092.07946848869
43195.86864686012
43321.7891433239
43423.17581653595
43542.98674201965
43643.56829714775
43757.16317534447
43859.64204096794
43974.729788541794
44077.29626584053
44195.96625995636
44310.28409552574
44412.40552854538
44532.60506248474
44633.65633535385
44748.80066680908
44852.36847281456
44977.04588341713
45080.25952720642
45198.267162323
45298.84302902222
45417.83530712128
45521.248540878296
45642.42097878456
45746.06070518494
45858.792454242706
45961.78941845894
46078.8864440918
46182.27607989311
46298.246363162994
46403.09153795242
46517.151623249054
46622.2868347168
46737.845638513565
46842.33053421974
46958.09268116951
47061.037083148956
47183.29774618149
47285.53087234497
47405.640115737915
47521.7766327858
47623.06210112572
47742.9807677269
47844.29304623604
47946.6083676815
48067.96025013924
48184.718438863754
48284.094455480576
48384.37660956383
48504.76253199577
48624.52569484711
48725.69527721405
48826.931376457214
48947.543157577515
49048.73481345177
49166.43805742264
49284.67699313164
49387.22363138199
49487.94021344185
49608.668607234955
49709.68140244484
49826.97508144379
49926.09273481369
50043.2403280735
50143.46090388298
50263.899071455
50365.488948345184
50484.79720044136
50586.699696063995
50705.076941251755
50804.44091415405
50916.90552473068
51017.99726653099
51131.65085554123
51237.866574287415
51353.554297208786
51457.30909538269
51579.638612508774
51683.214871644974
51804.49875831604
51907.063945531845
52026.702137708664
52129.60160803795
52233.7177772522
52357.27897286415
52460.03588080406
52575.00282073021
52676.49817276001
52793.251685380936
52895.1328663826
53016.42736840248
53116.480835437775
53238.34222841263
53338.360184669495
53458.37575960159
53558.596502542496
53662.55801200867
53783.56292653084
53887.54716563225
54004.190960645676
54108.46565413475
54228.47554183006
54329.30565571785
54449.00988197327
54549.41739797592
54650.69518351555
54770.058264017105
54871.719299554825
54985.280383348465
55086.93154382706
55207.64773726463
55309.0396361351
55407.02050113678
55528.845116615295
55628.97274899483
55742.30512833595
55843.205182790756
55964.62681174278
56063.85411667824
56182.034809827805
56281.90195822716
56380.699635744095
56499.929256916046
56602.4557697773
56726.445974349976
56828.82505822182
56949.67754483223
57052.01167345047
57152.12268638611
57273.75512909889
57378.243872880936
57500.11595582962
57601.092201948166
57699.897708415985
57821.33358454704
57920.34296584129
58034.22679066658
58135.177020311356
58256.02359819412
58355.69630265236
58453.81396985054
58577.04105114937
58678.216022491455
58793.02318096161
58893.572675943375
59012.45680999756
59111.541796922684
59211.32440519333
59331.53204846382
59431.6184899807
59553.22999382019
59656.173253297806
59755.34023690224
59877.794169187546
59980.91725063324
60101.572877168655
60203.742064237595
60306.777951955795
60432.96391797066
60537.09014439583
60660.299208402634
60765.40212035179
60868.3492872715
60987.58667421341
61092.83518457413
61217.18717741966
61319.195122003555
61418.048491477966
61538.98268413544
61641.50976753235
61742.32749867439
61868.97222995758
61971.72211933136
62089.91505408287
62190.66231536865
62293.472084999084
62418.147038936615
62521.259452581406
62647.49872684479
62748.725222587585
62850.61199140549
62975.373124837875
63076.84970355034
63199.864023923874
63304.06438231468
63405.12918639183
63528.08024287224
63630.54504776001
63752.471773386
63856.31739902496
63957.045821905136
64081.537814855576
64183.71538066864
64284.47182559967
64411.24931836128
64514.207951784134
64638.22572803497
64739.88125252724
64842.13810491562
64966.13565993309
65069.9013903141
65194.3186109066
65298.69948744774
65400.017716407776
65527.37239909172
65630.64781236649
65732.12122702599
65854.70015740395
65958.18114614487
66058.00329780579
66183.01220965385
66284.4507226944
66407.22542500496
66509.3388466835
66611.90993237495
66738.9678542614
66845.50520920753
66949.57119393349
67075.79821801186
67177.50601577759
67299.02597212791
67400.74398946762
67502.30572390556
67632.76876425743
67734.18390750885
67835.28794240952
67958.02362036705
68060.69611907005
68162.35817670822
68287.07374358177
68390.57967209816
68514.4058148861
68616.33572220802
68717.45273780823
68845.76298046112
68947.00074362755
69051.40469622612
69175.89252519608
69280.65763282776
69382.1502840519
69509.68659424782
69612.8711464405
69741.98447394371
69845.26801252365
69949.02283787727
70078.62146139145
70181.22967171669
70285.73317289352
70417.28903794289
70520.54853796959
70623.98728442192
70755.25127649307
70857.92699170113
70959.2063934803
71085.62100982666
71190.69281363487
71290.76556801796
71413.96631717682
71522.80906558037
71626.74317383766
71751.12712335587
71859.41533136368
71962.52586269379
72098.04391503334
72200.40406990051
72326.48099732399
72434.33778786659
72536.51200771332
72669.21448755264
72773.55366063118
72876.41579771042
73006.07003355026
73111.34705805779
73215.30045509338
73347.25174498558
73449.99012899399
73552.17457532883
73683.76433563232
73787.72003364563
73891.04505705833
74023.57813286781
74127.37485671043
74232.32648015022
74364.05308508873
74467.98035621643
74573.823513031
74705.76331734657
74809.29948711395
74915.27601027489
75019.80677223206
75156.09404826164
75259.9977490902
75389.42309093475
75494.19098973274
75600.20417618752
75704.78095769882
75840.58118486404
75945.28727912903
76049.28869223595
76181.38146305084
76285.4907386303
76388.19619488716
76521.17138934135
76623.62501859665
76728.86694264412
76861.82419419289
76968.44595551491
77074.80670952797
77208.63283610344
77315.4533007145
77421.97241091728
77555.65304851532
77662.55905056
77769.10973858833
77901.98373031616
78006.90519237518
78110.71461963654
78235.1253182888
78341.67510867119
78443.31611514091
78578.49734425545
78684.55107545853
78787.74713850021
78919.39883947372
79026.31237459183
79129.20110106468
79263.78886938095
79368.38090729713
79473.85495138168
79602.9532213211
79710.59485793114
79813.63797879219
79917.9389436245
80059.7776248455
80165.75389242172
80270.84174656868
80403.23786973953
80511.8286614418
80616.82771992683
80747.995616436
80858.00243330002
80962.32649421692
81100.58303952217
81206.52052521706
81312.05428910255
81445.65649366379
81550.88485479355
81655.82678389549
81760.59045052528
81894.06779408455
82000.45052218437
82109.77501130104
82237.77547979355
82341.98452234268
82447.74060297012
82582.83262825012
82687.80129981041
82792.09481859207
82897.50964164734
83032.82726359367
83138.45791459084
83243.48548793793
83377.29074501991
83481.61541199684
83585.8181078434
83720.21815466881
83824.85644721985
83928.50042319298
84034.29413700104
84169.13139748573
84275.86834192276
84380.88414812088
84514.78284406662
84619.93419861794
84722.66566181183
84824.91226553917
84963.88962602615
85069.17870903015
85173.40346002579
85305.30197668076
85410.19435334206
85514.25376939774
85648.85717582703
85752.89763092995
85857.05032229424
85959.89028143883
86096.21160936356
86199.17907714844
86302.23626494408
86438.63789248466
86542.95649051666
86646.62414908409
86750.96774935722
86887.14467477798
86991.21363162994
87097.78958439827
87230.28696608543
87334.08517241478
87437.11143302917
87570.479647398
87675.98793315887
87779.036298275
87881.78411340714
88018.52391052246
88123.32819056511
88226.4178891182
88364.41098666191
88467.84360313416
88570.96321415901
88675.06209397316
88814.0263478756
88919.90068912506
89022.26882004738
89125.20442080498
89262.40252351761
89367.57147049904
89470.9011232853
89607.38580513
89711.51794600487
89814.53872656822
89918.59513401985
90058.18079662323
90161.89453959465
90264.99560809135
90400.52311587334
90506.39032125473
90609.57597875595
90712.94443488121
90851.72520899773
90956.35457777977
91060.85464668274
91196.844019413
91305.69869446754
91409.62725782394
91514.06908941269
91651.9197485447
91759.31237721443
91863.59463000298
92001.65773320198
92107.98116707802
92212.69525408745
92318.12748384476
92462.39668369293
92566.65249013901
92670.90055036545
92775.64263629913
92912.38198781013
93018.54110574722
93122.4174194336
93259.66131877899
93365.45796084404
93467.25677371025
93569.01771306992
93710.42626953125
93815.30185556412
93920.68621659279
94022.88570189476
94159.39540696144
94263.69547104836
94366.74413490295
94470.18088030815
94608.93290352821
94712.81943702698
94817.90463280678
94954.81533932686
95060.47738575935
95165.27885198593
95270.11351680756
95413.00897192955
95522.03299736977
95628.04467868805
95733.01906490326
95872.28240847588
95978.2977437973
96082.65771317482
96187.12920498848
96325.82956624031
96432.5059812069
96535.9136171341
96669.70327830315
96775.64846158028
96880.05590248108
96983.98347139359
97131.07200050354
97235.5148704052
97339.87769317627
97445.49246406555
97589.64336252213
97695.83495783806
97800.07981300354
97903.23180055618
98042.69020223618
98147.88101935387
98252.89118552208
98357.36562609673
98496.15561819077
98603.41403222084
98705.63648319244
98808.2962551117
98949.3062107563
99053.30019903183
99157.8127682209
99261.99230194092
99401.6977558136
99509.7212164402
99614.22522616386
99751.3971362114
99858.93372535706
99964.6546792984
100067.93794250488
100209.83728408813
100314.38653039932
100420.0080485344
100524.20773625374
100665.93339800835
100769.97341012955
100874.8857049942
100977.69716572762
101119.88944745064
101222.51967072487
101326.15649628639
101432.9207007885
101576.51026415825
101683.2181828022
101788.20248937607
101892.49216532707
102036.15252113342
102141.06352257729
102245.59593701363
102352.23175573349
102492.70487999916
102598.80854415894
102703.72041511536
102807.08553099632
102948.49911904335
103052.7062728405
103156.46887993813
103260.43439221382
103366.56003212929
103514.45872545242
103620.05262303352
103724.21333670616
103829.64137339592
103970.09201407433
104075.21659016609
104180.32665634155
104318.78552484512
104422.79533171654
104529.50552892685
104632.67118835449
104736.78091025352
104880.78893065453
104985.12142562866
105089.21887016296
105193.24064946175
105338.6515071392
105444.41796517372
105547.98247766495
105652.26431703568
105792.3911178112
105896.07399320602
105999.81307911873
106103.43179607391
106242.10615801811
106350.3581006527
106458.56963634491
106563.09593176842
106705.5448088646
106812.08628940582
106918.57199716568
107024.47741174698
107167.4821460247
107272.35023641586
107378.48213624954
107484.95461297035
107629.04027271271
107733.7210650444
107839.15583992004
107944.00016880035
108086.90216493607
108193.46947932243
108300.18080067635
108405.32229733467
108508.48417830467
108650.78190922737
108757.34921216965
108863.71144914627
108968.6995499134
109112.19515943527
109221.56098723412
109328.50708937645
109433.06621527672
109579.41004180908
109684.84191823006
109791.14806485176
109897.72721529007
110005.15393280983
110154.30720281601
110260.70113921165
110365.92863583565
110472.66035747528
110617.57371354103
110726.41145181656
110831.19614338875
110937.09978199005
111080.6243531704
111186.71354055405
111292.22999286652
111398.38778400421
111543.88526940346
111650.31179141998
111755.23688173294
111860.29444146156
111965.68415117264
112112.61602830887
112219.39981794357
112327.57794904709
112434.24104619026
112582.15242266655
112688.73911547661
112794.4105360508
112900.47826957703
113007.0074532032
113156.46436429024
113262.47142624855
113369.48199033737
113474.81704235077
113617.3360259533
113724.44281935692
113829.8042485714
113935.2673509121
114078.67190504074
114186.90810990334
114293.46367669106
114399.46032047272
114505.91454339027
114653.11911177635
114758.85957336426
114864.26557660103
114971.87017941475
115118.28750252724
115224.81465435028
115330.81899619102
115440.11936998367
115544.95595574379
115693.0186765194
115801.3281955719
115906.59232854843
116014.60693573952
116162.66203451157
116267.53148794174
116375.90099859238
116482.26974272728
116588.25845384598
116738.86791801453
116846.15225815773
116951.45327067375
117057.70841312408
117161.84286952019
117313.17881131172
117419.12317204475
117524.54428601265
117632.3293876648
117781.9059624672
117888.06584739685
117994.57514166832
118099.89306950569
118205.73182463646
118354.45637702942
118460.92178797722
118568.78308057785
118674.26975536346
118822.24342131615
118929.73869109154
119035.83124613762
119142.40402412415
119252.52820658684
119403.84576678276
119514.487906456
119621.46576333046
119728.40068006516
119878.21723651886
119986.10742902756
120093.47395825386
120200.28887414932
120304.82799887657
120458.36449146271
120564.54913496971
120671.27716708183
120779.94694924355
120886.45351862907
121042.05832481384
121150.06521940231
121256.29930901527
121364.91778111458
121517.57821774483
121626.35863184929
121733.8774471283
121841.35214614868
121950.11200404167
122105.12423491478
122212.8412861824
122322.91249990463
122430.43654060364
122536.46136188507
122688.529078722
122797.33704590797
122906.09501457214
123013.49746012688
123121.3955886364
123273.71228194237
123384.42198562622
123492.71535372734
123602.24802494049
123711.01324224472
123869.1251988411
123976.85885620117
124084.43101334572
124192.33178496361
124341.71026587486
124450.77875208855
124557.20443177223
124662.96506237984
124770.95194411278
124926.67367267609
125034.51455068588
125142.59871530533
125248.24536085129
125354.66547608376
125506.54980897903
125615.53510069847
125723.40611886978
125829.25152134895
125934.30196523666
126090.86874651909
126199.718811512
126308.01676392555
126415.32562565804
126522.30106806755
126674.70591259003
126780.68367385864
126888.25031924248
126996.3817999363
127149.24314570427
127257.84433817863
127364.91305422783
127470.55986046791
127576.52949786186
127731.51919031143
127840.37368226051
127949.49381279945
128057.12610673904
128165.20660352707
128325.04047060013
128432.7828502655
128541.14683890343
128647.85881257057
128756.65994215012
128912.14688277245
129018.99184703827
129126.222687006
129236.34443974495
129343.85245919228
129498.25514960289
129605.88980460167
129714.32805895805
129822.42100787163
129929.12773275375
130086.7650551796
130196.88909125328
130305.3091044426
130414.06594729424
130519.68750691414
130629.11877846718
130786.66983747482
130894.13073039055
131002.75060772896
131112.72508192062
131266.5302927494
131375.2297372818
131481.56227636337
131589.16733169556
131695.40194058418
131805.22140955925
131967.21574664116
132077.84724283218
132188.871840477
132299.8744699955
132409.06273841858
132568.4849281311
132678.33928370476
132789.57772636414
132900.6501636505
133012.77386164665
133171.68793940544
133284.26480269432
133395.6617178917
133505.14375925064
133614.07075166702
133772.2807621956
133881.40760612488
133991.11484479904
134099.78673672676
134208.5357720852
134367.18275427818
134479.99190306664
134588.06736969948
134696.88091278076
134806.2984366417
134964.35937047005
135076.44619774818
135186.5200328827
135296.22572374344
135404.17919635773
135565.22916793823
135677.84336185455
135788.61144518852
135898.3588092327
136007.39375662804
136169.96563529968
136279.6500415802
136388.57741999626
136498.19590044022
136606.7304069996
136766.74903798103
136875.8759613037
136986.48729801178
137095.69482827187
137206.57079195976
137314.62250232697
137477.2283062935
137586.24831986427
137695.51513433456
137805.02473711967
137914.26627111435
138069.55454969406
138180.40644216537
138289.3313689232
138399.2142548561
138508.05259418488
138667.68414974213
138776.39435195923
138888.20766925812
138998.16872549057
139107.04637384415
139266.86565184593
139376.28070616722
139485.47718667984
139595.58244633675
139703.97670149803
139814.83194851875
139975.28888320923
140088.8731944561
140198.68076324463
140311.46310853958
140422.78306388855
140583.83338165283
140692.90712809563
140802.4504761696
140910.19851446152
141022.7789607048
141130.71474695206
141293.6477663517
141402.33329844475
141512.90349149704
141621.56339406967
141730.7378025055
141886.8861761093
142000.57130002975
142108.7022061348
142219.9289522171
142329.00941562653
142491.04252815247
142599.23940253258
142708.46777749062
142817.68134617805
142927.68530726433
143038.26020503044
143201.66171836853
143313.55958390236
143423.40958309174
143534.25769925117
143643.3239209652
143807.06309342384
143918.16139030457
144026.6546664238
144137.71333312988
144246.7543644905
144354.70471024513
144519.44622540474
144630.1519393921
144739.81230711937
144850.03444719315
144961.26410865784
145124.4720685482
145234.21118235588
145346.72052526474
145456.2979707718
145564.44242739677
145675.797195673
145837.86582946777
145949.21400928497
146058.1577477455
146167.67279076576
146279.26849126816
146444.07589411736
146553.02195096016
146662.89050269127
146771.71808815002
146881.9240026474
146990.1076157093
147150.8530831337
147263.55230879784
147372.45143580437
147480.66277766228
147592.50729894638
147754.33381342888
147865.79370570183
147974.14652252197
148083.7736260891
148194.13787293434
148303.0063147545
148470.84819459915
148579.02004885674
148687.93144369125
148796.8494553566
148905.65407204628
149016.5753917694
149181.5630853176
149294.1413037777
149406.71046733856
149516.9239935875
149627.25975632668
149794.18465137482
149902.74905776978
150014.44334816933
150122.8159584999
150229.72388482094
150338.1634976864
150504.37488484383
150613.88820505142
150724.56161999702
150833.6600291729
150943.32276058197
151051.64990353584
151215.3974750042
151327.54351639748
151435.60235023499
151545.20866656303
151655.2406411171
151763.8606672287
151931.65405583382
152040.41549181938
152150.0205461979
152260.5089995861
152369.57728219032
152534.8840866089
152646.05966043472
152757.51395082474
152869.230676651
152980.0765311718
153092.7987794876
153263.93213820457
153375.08006715775
153485.8864004612
153595.0025551319
153704.8367855549
153817.8686592579
153987.14362430573
154098.1461341381
154207.99783182144
154320.96579527855
154432.60582256317
154542.29419660568
154708.36310100555
154821.4309489727
154929.39666366577
155040.44017410278
155149.13698387146
155258.71217536926
155424.4621708393
155537.60311746597
155646.99825406075
155757.68024611473
155868.17740416527
155979.89389157295
156146.73915195465
156257.79225492477
156367.1208627224
156481.25533866882
156590.78070569038
156756.99306821823
156867.95936584473
156979.8888194561
157090.84251236916
157203.3671131134
157312.08601927757
157480.82063150406
157591.93089652061
157704.15494012833
157814.4837656021
157924.3135228157
158035.81463074684
158210.25456762314
158322.7315568924
158434.59320425987
158545.35511231422
158656.7758629322
158767.38053822517
158939.6937057972
159050.8605644703
159164.0384426117
159275.47964024544
159387.59750413895
159496.6853659153
159606.9942162037
159779.90849614143
159891.89851427078
160001.18473815918
160111.63695383072
160222.89173674583
160393.8842113018
160504.73076701164
160615.74648714066
160726.03247904778
160836.7619588375
160946.96193289757
161056.91216135025
161229.44747829437
161339.53001141548
161450.774695158
161561.54598784447
161672.63094449043
161782.56866407394
161951.9450354576
162065.85896635056
162176.96059036255
162287.7386894226
162398.35566282272
162509.63456511497
162681.8621623516
162793.8406791687
162904.26310920715
163014.3361775875
163125.92945194244
163235.58605766296
163406.15722441673
163518.46601986885
163628.62520694733
163740.43472981453
163852.22760367393
163963.03834033012
164136.71773719788
164249.69480991364
164361.00094747543
164472.4597120285
164582.82561326027
164695.07071614265
164870.91503834724
164982.84944176674
165094.09230303764
165208.12416553497
165319.14816713333
165431.20874881744
165603.16817450523
165714.4234855175
165825.02570843697
165938.76253819466
166049.53717041016
166159.62065052986
166270.86646556854
166447.08791708946
166558.7845070362
166671.98950576782
166783.99092626572
166897.6784904003
167008.64467072487
167180.95215916634
167294.94321513176
167406.49922013283
167519.61771655083
167635.42591643333
167746.84222650528
167920.17368793488
168033.21519470215
168145.8525607586
168257.01854228973
168371.19805908203
168484.17580986023
168659.89895391464
168774.48273682594
168886.80553412437
168999.1851463318
169115.7157382965
