77.76580691337585
151.59916305541992
248.73305988311768
322.5115473270416
405.88398146629333
479.90359330177307
552.2056112289429
623.9035992622375
698.365861415863
769.2315616607666
849.8054850101471
927.1365706920624
991.7239103317261
1091.1314477920532
1167.4165086746216
1256.5376133918762
1324.3100385665894
1386.063988685608
1456.2678110599518
1521.4764513969421
1587.8271181583405
1656.9834189414978
1731.1598036289215
1794.5962264537811
1891.0264639854431
1954.0531799793243
2020.0194971561432
2088.18581199646
2154.9404294490814
2229.280562400818
2292.315336227417
2359.936586380005
2418.0660996437073
2483.207251548767
2549.891492843628
2620.621158838272
2680.515221118927
2744.6343133449554
2808.315587282181
2870.1059551239014
2967.118203639984
3038.9308698177338
3128.5160570144653
3198.1965959072113
3262.4963462352753
3323.737085342407
3384.905500650406
3457.6277606487274
3549.4160001277924
3615.257559776306
3682.8566477298737
3755.3264389038086
3816.866307258606
3878.5900230407715
3947.3029391765594
4009.5711283683777
4069.8137335777283
4135.358918190002
4200.910439729691
4266.588223218918
4337.339287042618
4440.533727645874
4512.949883699417
4578.736089468002
4646.89914560318
4715.009942770004
4794.466313123703
4853.140198230743
4920.275637626648
4989.5181567668915
5051.416961669922
5120.199995517731
5181.744721889496
5280.443777799606
5362.427453994751
5430.022923707962
5549.255078554153
5633.959809064865
5707.303197622299
5773.900424480438
5859.7516396045685
5922.409430265427
5991.65606546402
6062.959095239639
6145.054299592972
6232.262853860855
6314.322954177856
6382.448863983154
6455.440294981003
6525.3376297950745
6593.33966588974
6677.363838672638
6744.9375874996185
6825.10061788559
6895.717506885529
7002.212789058685
7077.864303588867
7159.469110012054
7240.817526340485
7313.9925010204315
7393.475893974304
7474.297580957413
7544.061525344849
7621.221689224243
7695.577324390411
7774.780398845673
7846.398696184158
7915.261250734329
7989.37779378891
8061.661562204361
8131.7986080646515
8210.047215461731
8301.893157482147
8381.9626288414
8440.26570057869
8496.152225017548
8568.830891609192
8627.520460128784
8701.093142271042
8777.006323575974
8845.830773591995
8930.954783439636
8994.913546323776
9073.289321184158
9129.415989637375
9189.089999437332
9246.235626935959
9319.166163444519
9391.139241456985
9486.95767712593
9553.629124403
9616.13944721222
9674.513922214508
9760.61580824852
9823.582292318344
9891.563410758972
9956.437441825867
10036.644211530685
10102.345572710037
10176.97683262825
10241.629369735718
10306.25330710411
10380.867228031158
10449.181520938873
10513.42309641838
10573.92594909668
10654.430908679962
10718.27128815651
10783.546953201294
10845.768726587296
10923.192356348038
11017.137200117111
11080.28945684433
11135.161613225937
11195.03967499733
11257.131361246109
11317.905288696289
11385.60951256752
11441.446841478348
11511.787851333618
11597.461814641953
11664.725090265274
11726.900715827942
11789.137171030045
11849.895190000534
11909.899501562119
11973.69013929367
12039.710503101349
12103.587639093399
12163.505410909653
12225.551263809204
12282.563530445099
12364.31033873558
12424.839874505997
12483.163308620453
12544.227555274963
12604.90744972229
12667.142473220825
12725.983294963837
12789.106164455414
12864.140445232391
12923.01883840561
12992.126946687698
13050.506132602692
13112.006335020065
13187.120935201645
13246.114021539688
13314.167630672455
13374.308563947678
13457.683495998383
13527.907425642014
13588.341228961945
13644.170820951462
13708.976414203644
13762.735455274582
13817.22216963768
13881.533368825912
13948.248481750488
14006.488345861435
14068.803319454193
14153.432368278503
14222.818774938583
14294.887143611908
14361.653770923615
14460.299404621124
14555.634932994843
14632.270402669907
14710.333393335342
14789.279040336609
14868.556280612946
14936.175308227539
15015.881288528442
15083.464529752731
15146.991015911102
15223.64287853241
15324.961246013641
15407.393276453018
15476.091518163681
15546.033054828644
15623.958526134491
15694.478191137314
15754.46608877182
15821.590428352356
15889.866432189941
15953.987956523895
16016.046650886536
16075.407607793808
16149.632819652557
16222.894037246704
16292.635226011276
16368.692568778992
16434.303245306015
16537.933596611023
16606.1358294487
16671.635650396347
16737.886662006378
16803.568756580353
16880.978886842728
16937.832154989243
17006.553998708725
17069.848435640335
17130.203285455704
17189.2057929039
17247.08602452278
17326.08833837509
17392.36385822296
17456.052951812744
17525.389709711075
17590.050978183746
17649.954261302948
17721.10908293724
17789.583018779755
17847.10324382782
17917.34955596924
17996.445180654526
18067.590698957443
18129.932928800583
18188.32343196869
18288.98661160469
18351.658801794052
18418.919711112976
18515.106053113937
18606.9934194088
18667.323474168777
18735.63848876953
18801.74672961235
18870.224216222763
18956.053414821625
19016.454445123672
19100.528263807297
19166.574024915695
19226.370906352997
19284.670936584473
19377.894272327423
19464.63921236992
19523.56650352478
19590.21044278145
19680.803975582123
19742.489802598953
19828.6090362072
19895.710436344147
19970.663541316986
20031.055145025253
20099.99263858795
20159.90120124817
20226.315880060196
20292.278235197067
20390.676905870438
20463.081211328506
20518.7556784153
20607.16759800911
20673.04434299469
20729.75497698784
20819.20022058487
20887.95488190651
20944.29540681839
21017.543561697006
21074.67045211792
21141.95392394066
21205.368005752563
21266.496855020523
21325.82607102394
21390.485626220703
21451.423372507095
21507.707183599472
21567.02936410904
21643.52366566658
21719.844974040985
21804.86953163147
21887.92050909996
21960.715864419937
22024.300132513046
22094.854163646698
22154.873839616776
22222.943442106247
22309.559163570404
22365.25487446785
22429.081768512726
22517.73737859726
22576.110210180283
22645.59516787529
22701.18815279007
22765.848022937775
22834.93251466751
22908.466916799545
22968.802405118942
23048.966477155685
23108.301515817642
23168.038469552994
23241.809200048447
23307.909046411514
23389.323571681976
23447.61618924141
23528.93168568611
23600.65135216713
23670.085907936096
23727.85215306282
23791.99554848671
23891.1598443985
23958.244636535645
24023.37363243103
24085.438817739487
24148.695734977722
24222.406436681747
24283.615906715393
24341.157170057297
24414.766506433487
24469.84440469742
24560.40122628212
24622.80424308777
24682.101354599
24737.950404167175
24805.626471996307
24892.790747642517
24948.068878173828
25006.887425899506
25079.952083587646
25134.31487107277
25215.44192314148
25297.766110420227
25368.69590473175
25426.922807216644
25491.32953286171
25561.584677934647
25619.000820875168
25676.780586719513
25761.05135989189
25819.7727329731
25924.183000326157
26001.5315015316
26058.2221493721
26144.35118150711
26202.278826713562
26296.048897981644
26363.372181892395
26440.05149078369
26497.046397924423
26562.26946234703
26617.129424095154
26697.93426465988
26765.860898971558
26841.385197162628
26899.54283952713
26952.74120235443
27011.113223314285
27077.007389068604
27134.671807527542
27193.781426668167
27256.207590579987
27314.42397212982
27382.929572343826
27442.218037843704
27523.86116552353
27578.369746923447
27647.202444553375
27706.45416355133
27773.749354600906
27834.72516489029
27893.61198091507
27957.395688056946
28014.212876081467
28085.133773565292
28140.63990497589
28200.883364200592
28259.704760313034
28327.546374559402
28386.068258047104
28461.08386850357
28544.94548869133
28605.164708852768
28674.188467502594
28729.985509634018
28802.829515457153
28912.935436964035
28971.895290374756
29030.884469985962
29088.184684753418
29152.905156612396
29221.04479765892
29277.507295370102
29351.176024913788
29410.48458647728
29468.359778165817
29528.496366024017
29616.3500893116
29677.25132203102
29734.01704311371
29826.681633472443
29885.556450605392
29948.193780899048
30020.167095422745
30091.148302316666
30151.486676216125
30216.8653550148
30281.59837436676
30352.50651550293
30425.756716012955
30495.47923874855
30586.613970041275
30662.85971212387
30720.371201753616
30783.83777976036
30873.2175014019
30946.897476434708
31002.10618019104
31065.443114757538
31128.311792850494
31184.126711130142
31242.964529275894
31318.788867235184
31378.155236959457
31444.636674404144
31505.33550453186
31563.82023358345
31634.31427359581
31703.587555885315
31764.883868932724
31821.767887830734
31902.612813711166
31962.492901325226
32052.38650751114
32111.536184310913
32199.340117931366
32283.62141275406
32343.504442214966
32401.084089517593
32473.73808336258
32530.98086619377
32598.2344892025
32658.052792310715
32722.12363409996
32787.60420846939
32857.62195277214
32922.475835084915
32985.61076450348
33066.47451019287
33125.720464468
33187.8796980381
33250.68148827553
33321.28406333923
33394.51353788376
33487.93275618553
33557.00491309166
33618.003732442856
33677.24816226959
33742.30801701546
33798.555476903915
33875.80652499199
33973.63050341606
34046.23437166214
34105.04920363426
34163.649708747864
34222.81715130806
34285.00386548042
34345.51174783707
34448.889932870865
34510.14561009407
34575.52596759796
34629.99495625496
34698.383564949036
34762.60601425171
34820.79171228409
34910.297313690186
34975.935577631
35061.56067728996
35122.499168395996
35181.1005218029
35244.88046479225
35312.67675328255
35386.36691904068
35444.10504126549
35503.84337425232
35581.633173942566
35641.41857075691
35699.2534301281
35758.01512122154
35832.326050043106
35940.917024850845
36008.020938396454
36073.86115908623
36131.135655879974
36207.81463098526
36279.616433382034
36379.02577519417
36459.606996536255
36518.72616624832
36576.99680805206
36637.66677212715
36705.55869221687
36764.45618677139
36823.53282260895
36902.407770872116
36967.69704127312
37062.71638870239
37124.79307389259
37189.55596661568
37256.51011776924
37316.810000896454
37390.31384253502
37482.17648291588
37539.88656044006
37601.42901277542
37663.21050572395
37726.08226156235
37791.73261761665
37852.228917360306
37952.61067843437
38033.731986284256
38096.50314736366
38158.70877170563
38219.25116300583
38285.602043390274
38340.77535319328
38422.60358047485
38479.53181052208
38549.62409353256
38608.891421079636
38663.76196193695
38726.15466475487
38783.84550189972
38848.97687649727
38936.67854428291
38994.46382665634
39059.90678882599
39116.735615730286
39178.8183863163
39239.18278694153
39300.369191646576
39361.413717508316
39437.22293114662
39495.03092288971
39551.28519654274
39636.68833684921
39701.08300900459
39770.456231594086
39834.173775434494
39896.429466724396
39984.3086938858
40052.1853158474
40119.15942192078
40204.889573812485
40269.14704823494
40326.97638130188
40410.2348484993
40492.32149004936
40570.33145952225
40632.783032655716
40700.07266879082
40766.105761766434
40828.38359570503
40910.70281744003
40971.91610789299
41033.316111564636
41113.57465863228
41180.03085708618
41238.38752698898
41302.74305653572
41361.39370679855
41418.82184386253
41514.196743011475
41579.454122543335
41665.51199555397
41727.86833572388
41795.5469892025
41853.83959197998
41921.79974460602
42002.17627501488
42061.50978708267
42117.04600691795
42188.8314845562
42269.69382381439
42329.13380861282
42390.78925681114
42443.93657684326
42504.25983929634
42563.0762257576
42621.931144952774
42685.45935201645
42765.175502061844
42823.241639614105
42880.81847190857
42942.197165966034
43006.46320390701
43076.83716058731
43131.83861422539
43187.29561281204
43252.06437730789
43328.648514032364
43386.9414870739
43455.463200092316
43537.539991140366
43602.98435997963
43662.597548007965
43727.743263959885
43789.70155978203
43871.468465805054
43942.47460770607
44003.95955681801
44063.06243920326
44126.05256438255
44193.01110935211
44270.21222090721
44326.64768910408
44381.630949020386
44462.553008794785
44516.93713569641
44578.2396030426
44634.772304058075
44699.04413819313
44764.461592912674
44822.62557029724
44889.73924136162
44944.48871469498
45028.80784845352
45093.7617521286
45154.4956882
45216.60746073723
45279.21364235878
45347.42972421646
45416.05202007294
45477.70451807976
45550.31350517273
45636.71696972847
45703.603919267654
45763.11960339546
45834.06095314026
45908.679668426514
45967.28922080994
46026.22654366493
46085.89038729668
46144.04373669624
46203.43055033684
46290.985818862915
46374.13800549507
46435.26196551323
46493.48443365097
46557.68706727028
46618.81163430214
46684.562745809555
46760.19557785988
46824.3068189621
46899.764555215836
46962.15211582184
47020.12896943092
47085.969177007675
47142.488203048706
47210.97467517853
47269.03495764732
47331.20760297775
47414.896409511566
47494.18265557289
47558.3821310997
47623.351356983185
47683.34350275993
47748.92341423035
47806.11071038246
47865.97970342636
47933.03891634941
47993.73258972168
48055.11425495148
48133.03762841225
48193.9671497345
48280.453531742096
48338.16444063187
48420.12640428543
48481.939586639404
48541.1955909729
48606.23328304291
48677.8452398777
48737.96377658844
48826.22668862343
48883.758365154266
48953.28053641319
49022.51388287544
49081.97225809097
49142.43325304985
49201.56763267517
49255.750479221344
49346.13515782356
49409.035616874695
49494.92739844322
49556.08814358711
49616.97076797485
49697.8465218544
49759.82873392105
49849.87647485733
49924.95574593544
49983.10983252525
50072.25079727173
50134.55680036545
50220.50046086311
50291.46815633774
50370.0715816021
50430.11615276337
50490.65683436394
50563.970793008804
50622.235409259796
50693.854176044464
50757.95913863182
50813.893884420395
50898.521936416626
50967.92810726166
51033.4757232666
51091.973788022995
51156.07431960106
51243.95749211311
51312.29708814621
51373.71320557594
51444.39511704445
51502.116032123566
51595.19421863556
51683.98924636841
51746.896362543106
51803.567546367645
51866.540697813034
51928.91997861862
52021.00120520592
52086.90011334419
52145.12100815773
52203.04975104332
52285.65708851814
52341.635566711426
52423.71234321594
52492.3112077713
52552.948431015015
52623.38906335831
52695.14328145981
52756.51550269127
52826.69452166557
52891.99270772934
52948.825249910355
53048.12700533867
53105.97316265106
53170.29263710976
53228.216370821
53286.1093211174
53348.04787802696
53435.38321638107
53495.479712724686
53557.712550878525
53622.070167541504
53701.29018545151
53768.613632917404
53827.87073349953
53894.05861234665
53952.71307635307
54016.159853219986
54072.426860809326
54159.5745511055
54232.57574868202
54293.301470041275
54373.021104097366
54478.91107392311
54540.50083351135
54616.120317697525
54681.67905545235
54737.84352016449
54806.8148560524
54866.00046133995
54922.981483221054
