80.08858394622803
138.1843159198761
212.29532742500305
300.53897881507874
363.7920868396759
433.33496141433716
495.92662143707275
556.9261043071747
613.4420680999756
677.0369610786438
735.8110613822937
801.1145613193512
865.8386368751526
926.0010905265808
987.3285732269287
1058.1138541698456
1121.2901699543
1186.2120413780212
1248.5393793582916
1308.8529126644135
1372.027771949768
1454.2257187366486
1519.3642082214355
1585.482607126236
1648.3131866455078
1706.1498646736145
1776.0655736923218
1837.7316567897797
1914.4136996269226
1978.043708562851
2041.3065695762634
2104.051339864731
2164.0284514427185
2223.586925506592
2288.547687292099
2364.192195892334
2428.564505815506
2494.3556628227234
2565.5052783489227
2624.9365644454956
2685.047400712967
2775.3373878002167
2854.7852022647858
2930.504908323288
2997.271919965744
3092.004744529724
3160.6509766578674
3224.127126932144
3287.2940006256104
3351.2231636047363
3422.4925413131714
3514.937638282776
3597.843524456024
3662.009017944336
3720.2936816215515
3787.0234248638153
3846.068445920944
3912.275215148926
3989.916551589966
4063.1658589839935
4140.85133600235
4197.1224591732025
4270.79031252861
4335.938681840897
4424.092298269272
4487.780102491379
4568.19288110733
4634.384724855423
4698.663306951523
4759.886553764343
4827.150132894516
4893.63277220726
4955.774220943451
5031.409896612167
5100.943807125092
5189.80424118042
5279.574635028839
5343.501314401627
5426.372984886169
5496.065605640411
5564.175803899765
5644.009288311005
5702.705327987671
5760.7472224235535
5824.365146160126
5912.827067613602
5981.921135425568
6054.219758987427
6145.091232061386
6208.755525112152
6282.459115743637
6345.439513206482
6405.150030851364
6462.655873775482
6524.367693901062
6588.030900478363
6650.814652442932
6709.6417191028595
6775.430838346481
6848.181918621063
6911.008287191391
6975.190310239792
7037.517150878906
7106.585982084274
7170.731757640839
7237.246002912521
7328.409291267395
7390.225117921829
7464.236465930939
7529.612942934036
7596.511514186859
7665.034085512161
7736.8204226493835
7798.0124335289
7871.580437660217
7937.503079652786
8010.129009008408
8072.547546386719
8169.368772029877
8236.481359958649
8299.081929683685
8362.429257154465
8438.987821102142
8499.50506234169
8564.842249155045
8634.151649951935
8695.934785842896
8766.505887508392
8834.765882492065
8897.943150997162
8961.582550764084
9046.256982803345
9108.669619321823
9179.027208566666
9245.00181555748
9307.638741731644
9369.20665359497
9440.558761835098
9504.95701622963
9574.655324935913
9645.190370798111
9708.391112089157
9773.1500852108
9843.865598201752
9908.6708714962
9969.981455087662
10059.287909030914
10143.840844154358
10230.888037919998
10294.768904447556
10371.37053823471
10436.387862205505
10496.986055135727
10556.52006649971
10627.215474128723
10713.751673221588
10783.600938796997
10869.05386185646
10947.07084774971
11006.143766403198
11092.65094423294
11160.89729142189
11217.908272266388
11285.005778074265
11362.046939849854
11436.592120409012
11521.88611483574
11581.783339262009
11651.902027368546
11710.660205125809
11779.09936451912
11835.765552520752
11929.337017297745
11993.47920846939
12058.907736063004
12119.33961224556
12183.690846920013
12244.71237874031
12329.392181634903
12394.653901338577
12463.969379901886
12543.022563457489
12635.259899377823
12695.536992311478
12771.156112670898
12852.691155672073
12926.958166122437
12990.487764835358
13067.317385673523
13141.874282121658
13204.773303031921
13269.556607723236
13341.294731616974
13431.7305829525
13501.441530704498
13568.175620555878
13630.932436943054
13709.906330108643
13809.24873638153
13871.795942306519
13956.222028493881
14013.423292636871
14083.512285470963
14175.29183125496
14235.520763158798
14297.018559217453
14365.256707668304
14435.894536972046
14501.633519649506
14575.58989906311
14646.834516763687
14708.407348632812
14803.750987529755
14869.326472520828
14942.515203475952
15007.97884106636
15073.056230306625
15139.315306186676
15197.86606001854
15277.843675374985
15364.84767961502
15429.750007867813
15497.402099132538
15567.602730751038
15632.763267993927
15694.466321468353
15769.13652920723
15849.351682901382
15919.384138584137
15980.14628481865
16052.451471805573
16116.907452583313
16212.469201803207
16277.550142526627
16364.45461678505
16434.41466999054
16500.743416309357
16562.517588377
16631.700346708298
16724.038680791855
16783.795138835907
16860.361755132675
16932.69397544861
17021.011633634567
17081.49300813675
17144.763655424118
17206.385947704315
17265.934828042984
17340.063321352005
17402.759870767593
17460.57723927498
17519.643098831177
17587.381628274918
17653.93834090233
17736.261055469513
17797.276157855988
17870.919242620468
17934.539714574814
18007.234964847565
18067.794653892517
18148.86785387993
18209.16277217865
18280.650111198425
18337.247215747833
18435.28493642807
18498.784757375717
18585.75150990486
18645.729714393616
18712.97573208809
18787.326729536057
18847.481723070145
18926.456899642944
18992.77476477623
19057.675758838654
19115.569469213486
19190.609899282455
19259.249925613403
19319.208498239517
19385.665382623672
19454.96936774254
19511.95015525818
19595.628032445908
19656.200721263885
19727.515980005264
19805.1383934021
19863.34414577484
19923.20159816742
19998.30653834343
20062.791336774826
20120.12347960472
20186.124214410782
20257.796454191208
20331.809109449387
20399.26881480217
20488.064231157303
20557.303642511368
20629.270397901535
20699.93354845047
20778.888978481293
20859.802346229553
20933.53586769104
20994.7297911644
21055.646474123
21150.709913253784
21231.526854515076
21294.298072576523
21355.690371990204
21418.97624349594
21500.982196092606
21585.6787981987
21643.742954730988
21705.31447172165
21769.354334115982
21846.305601119995
21908.95550775528
21995.774829864502
22088.507486104965
22159.580800533295
22226.15952038765
22286.449889421463
22345.781870126724
22406.788725852966
22486.601533412933
22570.11471056938
22645.40852212906
22708.394470453262
22773.509209632874
22845.820605754852
22915.04272031784
22978.847999334335
23050.484797239304
23123.866319417953
23203.509697914124
23268.757957696915
23331.729483366013
23390.255185365677
23477.21477985382
23533.37673187256
23616.071707487106
23682.868422031403
23741.903963804245
23821.436421871185
23882.25457763672
23972.286982774734
24034.27343440056
24096.863141536713
24170.790538549423
24235.12109875679
24300.712244033813
24363.63377547264
24423.762595176697
24497.916548490524
24560.09518647194
24626.349400281906
24702.04003429413
24769.20032477379
24837.554981946945
24913.301018953323
24974.276529550552
25036.227507591248
25100.74137878418
25177.00219631195
25261.14158964157
25320.009648799896
25409.437157392502
25473.292521238327
25569.78146481514
25631.214098215103
25695.07203412056
25771.00452041626
25840.12878394127
25908.51656484604
25970.869614362717
26034.371623516083
26092.890404224396
26157.841563224792
26227.00152039528
26307.77979660034
26395.321611642838
26462.491453170776
26519.372764110565
26594.90415406227
26674.97592306137
26742.239787340164
26809.503394842148
26881.492485761642
26941.14583516121
27033.04945540428
27096.817915201187
27159.366874456406
27222.879113435745
27291.770379066467
27380.82673883438
27445.759189605713
27519.966160058975
27585.800369501114
27647.8093252182
27711.39062166214
27792.330428361893
27848.20307612419
27913.126874923706
27987.655948638916
28047.15812587738
28108.18820285797
28183.082872390747
28239.781299352646
28300.429930448532
28362.326521396637
28424.492957115173
28515.444778442383
28588.3402261734
28657.85661840439
28723.680510520935
28787.47985458374
28844.29953622818
28939.43518257141
29008.58725619316
29084.635459661484
29186.764917612076
29246.791954517365
29307.97260093689
29381.54175066948
29482.534198999405
29560.110017299652
29622.482125759125
29714.70490550995
29775.861876249313
29855.782299518585
29925.16343522072
29991.59214425087
30052.52232003212
30118.57532262802
30178.717493772507
30255.142270565033
30315.670315027237
30379.82780790329
30440.016067028046
30512.58463048935
30580.309113502502
30653.498433589935
30710.261001825333
30775.427708387375
30840.290318489075
30898.384250164032
30956.067206144333
31065.454712867737
31146.680928230286
31207.54633283615
31269.796963453293
31334.24584698677
31393.73388147354
31485.007851839066
31563.611733198166
31636.719718933105
31702.976766824722
31776.813691854477
31839.58260321617
31911.71618413925
31984.889785051346
32045.251400709152
32122.514676570892
32186.186343193054
32246.119752407074
32323.88712453842
32408.72681593895
32474.42033100128
32537.13338828087
32609.40113568306
32664.72082591057
32754.404422044754
32816.87654566765
32890.725648641586
32953.635269641876
33036.731407403946
33097.52641582489
33166.19873595238
33225.65834355354
33299.03446936607
33359.86661815643
33437.38930058479
33499.91996026039
33561.346143722534
33620.0668964386
33682.764707803726
33760.069318294525
33833.215524196625
33895.88958120346
33966.1337556839
34033.27957487106
34120.951573610306
34184.19877123833
34262.829255104065
34322.7930161953
34388.259063482285
34462.473695755005
34523.85485076904
34588.13336801529
34650.99258971214
34728.291362285614
34795.05498147011
34856.93512749672
34915.57600712776
34981.52837014198
35063.07622694969
35146.4233083725
35232.89217877388
35306.22263813019
35366.50890278816
35427.88005208969
35491.06486129761
35554.29752421379
35617.1752641201
35693.38925266266
35757.73238039017
35823.26396250725
35886.6747777462
35946.68710517883
36009.30863404274
36085.89121055603
36166.19049882889
36236.71160078049
36300.765557050705
36380.160084962845
36467.87753987312
36544.67679524422
36612.10202336311
36684.33994889259
36764.413323163986
36834.90660786629
36905.38797163963
36979.00561213493
37046.85808753967
37114.255311489105
37191.15463638306
37266.93787813187
37341.24363398552
37405.06414818764
37479.50138807297
37547.79774975777
37605.276428222656
37661.813740730286
37740.92951631546
37804.079703092575
37864.27252268791
37922.18645644188
37983.327743053436
38045.95386123657
38122.59685134888
38195.36553359032
38271.679513692856
38333.41204214096
38391.56627249718
38452.60726094246
38538.52504348755
38622.77647256851
38680.89805197716
38752.95010328293
38838.49780249596
38907.880408763885
38965.04688048363
39028.17557430267
39091.915957927704
39159.002301216125
39221.10921573639
39315.967437028885
39397.49062228203
39477.75758099556
39538.45147371292
39597.57527542114
39664.35536670685
39725.976160526276
39801.5664498806
39884.53152561188
39947.88173079491
40016.13190174103
40108.13160967827
40177.42299079895
40240.59697294235
40305.495752334595
40369.76922035217
40455.3322865963
40530.24566888809
40595.66367840767
40661.04062986374
40751.272716760635
40818.183151721954
40887.706636190414
40959.52763438225
41037.24386525154
41107.77154660225
41166.96874380112
41243.06562542915
41304.27781128883
41376.35800528526
41442.746541023254
41507.06054830551
41566.49756669998
41654.68127298355
41718.18103265762
41788.716514110565
41867.6491522789
41928.0347673893
41984.36987161636
42063.69879436493
42132.959946870804
42224.64386224747
42287.3586127758
42360.02348566055
42424.224539756775
42510.88718128204
42575.77581572533
42637.79195833206
42701.72797060013
42766.745764255524
42871.8016102314
42934.155505657196
43025.74459218979
43116.27911448479
43190.47021484375
43264.085285425186
43328.61896324158
43390.13846540451
43478.32479262352
43538.88184452057
43634.100512981415
43694.548736572266
43760.21331858635
43827.434445142746
43890.38225054741
43981.71044278145
44044.48565745354
44126.537585020065
44192.62718272209
44259.02558636665
44320.322242975235
44386.90723443031
44451.243066072464
44542.731137275696
44612.107729673386
44682.75498652458
44763.50515842438
44829.135476350784
44895.496758937836
44975.90683531761
45043.9977145195
45104.40498447418
45168.20713400841
45248.369389772415
45310.78383946419
45394.196466207504
45463.724789857864
45533.52432727814
45601.02383208275
45682.356939554214
45741.1068854332
45810.434089660645
45872.50812077522
45942.2206287384
46021.731317043304
46112.73309779167
46180.247900247574
46241.56112599373
46301.34931588173
46362.29402470589
46420.866319179535
46497.343034505844
46564.047778367996
46651.108114004135
46711.13780784607
46780.4644651413
46843.41949725151
46908.152958631516
46973.18892168999
47073.43235588074
47174.2550880909
47239.6662375927
47346.346618413925
47407.83436703682
47486.60231566429
47575.779238939285
47652.87236690521
47713.50489616394
47777.00289463997
47835.29642391205
47894.38287305832
47953.89446973801
48040.545692682266
48128.500405073166
48195.26484751701
48281.876536130905
48350.53023672104
48424.808424949646
48485.189140081406
48549.648488759995
48608.52224421501
48694.28222513199
48758.92654514313
48815.08399558067
48877.70635867119
48945.586622953415
49046.58206129074
49106.04837298393
49165.780083179474
49247.31387472153
49305.35752296448
49385.74425292015
49444.72916126251
49510.40086889267
49571.483660936356
49656.35769414902
49719.25612568855
49779.92619585991
49840.4930973053
49902.223222494125
49965.68497824669
50052.69293856621
50113.79127216339
50174.292370557785
50235.313301324844
50298.867347717285
50357.1881506443
50446.798135995865
50514.11781048775
50577.64424657822
50642.51956105232
50732.23550963402
50806.8917529583
50867.188949108124
50938.90870475769
50999.05957746506
51067.245317697525
51130.32850146294
51191.85852122307
51252.33560657501
51312.578983306885
51399.16385245323
51464.53650569916
51526.821150779724
51604.391395807266
51670.159440755844
51738.55040240288
51800.73531126976
51865.42046499252
51933.03430247307
52000.10470223427
52090.99872660637
52158.86237359047
52224.1215069294
52289.10908794403
52357.14186549187
52441.29017853737
52499.89992022514
52556.98861336708
52640.2134077549
52710.45054626465
52821.983176231384
52886.70334267616
52975.49439024925
53065.127208948135
53128.34615969658
53193.27740120888
53258.320749521255
53321.437254190445
53387.5434088707
53463.4041967392
53543.30282664299
53649.68445920944
53718.73829102516
53811.7144985199
53877.01569366455
53940.63794088364
54003.437089681625
54065.92546391487
54130.69135904312
54201.35811853409
54261.61724948883
54369.33219599724
54430.81043505669
54506.93713951111
54572.491334438324
54636.29275774956
54706.57658410072
54769.994534254074
54847.154116392136
54913.91175675392
54993.06109404564
55054.0397605896
55151.75226020813
55214.00429844856
55295.510206222534
55357.882937669754
55420.278171777725
55493.70258426666
55558.80358219147
55621.75660252571
55693.485181093216
55755.97152876854
55816.55062913895
55911.72555780411
55972.44813013077
