62.71291708946228
132.805246591568
203.07154393196106
267.39187717437744
333.42534947395325
397.67666888237
460.8106873035431
521.5018634796143
591.7496378421783
657.707115650177
716.9335472583771
777.8596131801605
840.8616125583649
903.931066274643
963.2571697235107
1027.6055963039398
1084.9126946926117
1155.3991725444794
1227.098239660263
1300.6715903282166
1375.340490102768
1438.396968126297
1504.4271309375763
1563.924372434616
1624.8714048862457
1684.9531779289246
1764.5359616279602
1836.2560818195343
1895.3831849098206
1956.556964635849
2024.1659533977509
2081.834701061249
2141.897862672806
2199.987587451935
2257.7981231212616
2322.4071214199066
2380.539985179901
2466.601836681366
2531.6515126228333
2592.108137845993
2671.43803858757
2753.5672295093536
2818.8756902217865
2877.0954761505127
2935.109274625778
2994.2010414600372
3061.3801333904266
3121.2067396640778
3186.240026473999
3248.522284269333
3316.8091702461243
3376.65389919281
3436.3896787166595
3493.4211165905
3556.058727502823
3627.0746459960938
3685.6107387542725
3754.901154279709
3821.8977420330048
3880.6414818763733
3954.1661689281464
4014.5681726932526
4072.3435270786285
4132.8619701862335
4196.028657674789
4261.27010846138
4320.330055475235
4403.757859706879
4468.279740810394
4539.585075855255
4601.088121414185
4663.730056285858
4723.224372625351
4786.3168070316315
4849.366467952728
4907.571236610413
4977.348326206207
5035.287444591522
5103.015263080597
5167.22927737236
5227.39981675148
5285.442703008652
5347.682284116745
5411.456648349762
5476.690714836121
5537.826877593994
5600.0130269527435
5659.145309448242
5721.759217739105
5782.072024345398
5858.039180994034
5917.882017374039
5991.120439052582
6061.133502960205
6127.079349040985
6195.591753721237
6255.111368656158
6313.678009271622
6369.752101898193
6435.893261909485
6498.359665155411
6562.5128536224365
6648.381147384644
6711.667504072189
6776.080806255341
6844.374064922333
6901.931608438492
6971.77477645874
7033.608918905258
7095.104107618332
7162.812425136566
7224.423634290695
7296.873547077179
7360.628683567047
7425.255133628845
7487.952366113663
7548.979583740234
7609.477156639099
7666.6380434036255
7726.449525117874
7782.816261291504
7855.698086023331
7911.585743904114
7976.201111078262
8029.927564620972
8097.607104301453
8159.648249864578
8217.508911848068
8283.765823841095
8358.965281009674
8428.232461690903
8487.125882863998
8559.5688226223
8625.435027122498
8692.80177640915
8757.93936085701
8816.791305541992
8882.68925523758
8948.69125676155
9011.950972557068
9070.513575315475
9147.023663282394
9204.239790201187
9270.299688100815
9337.958858013153
9405.17771577835
9464.323967218399
9526.5675842762
9586.623635292053
9661.196263074875
9718.752196788788
9781.06878042221
9847.983558416367
9926.465002536774
10000.074684619904
10067.106062412262
10137.923713207245
10196.251001119614
10258.234199047089
10325.83301281929
10388.679575920105
10456.780502319336
10521.705040931702
10589.695444345474
10684.632960796356
10746.246168375015
10814.878764152527
10880.7711622715
10951.271681070328
11019.43781876564
11094.802512407303
11157.10699057579
11215.61799788475
11276.083037137985
11337.090663433075
11392.290483474731
11459.89605140686
11522.194304466248
11583.321007966995
11647.04960680008
11703.423398733139
11792.557193279266
11869.445894241333
11929.2746155262
11993.872326135635
12051.915699481964
12131.75590634346
12195.288459539413
12258.051576375961
12327.34913945198
12392.744761228561
12457.660600185394
12523.822694301605
12580.609459877014
12638.09739613533
12699.402896404266
12757.848596096039
12818.392921447754
12886.685047388077
12946.127735614777
13001.787729501724
13073.44432258606
13134.48180103302
13191.847112894058
13256.742808580399
13318.139392375946
13387.886510372162
13449.203082323074
13519.31322479248
13575.853356838226
13653.479227304459
13712.446873188019
13772.593062400818
13836.101202964783
13891.897140026093
13958.964617967606
14037.999581336975
14107.876811027527
14168.207979917526
14237.495264291763
14297.154987573624
14358.010430812836
14421.232512235641
14480.419669866562
14560.639097452164
14627.795506477356
14691.183353185654
14770.02433514595
14828.005044221878
14898.950403690338
14977.01635336876
15033.052896976471
15094.486195802689
15153.050036907196
15222.052652597427
15288.892201662064
15350.554381847382
15411.387030363083
15490.107063531876
15556.340320110321
15615.484011650085
15677.427452087402
15755.066858291626
15814.391476154327
15878.522995948792
15935.684372901917
16001.67210817337
16063.378056764603
16126.617213487625
16192.734320163727
16253.0259912014
16312.162436962128
16376.264286279678
16439.87864589691
16513.345903158188
16576.915462732315
16647.172134399414
16704.492942094803
16766.276609897614
16829.48150253296
16891.699583530426
16954.255227565765
17011.995226860046
17071.268751382828
17160.325533390045
17222.402401208878
17281.159950971603
17340.55162334442
17409.143233299255
17487.23465538025
17556.821493148804
17626.763226509094
17701.008900403976
17763.799543380737
17843.3162689209
17908.234699964523
17979.26670241356
18042.662017822266
18110.08723306656
18178.398683309555
18240.014425754547
18304.207587957382
18364.87266087532
18434.19694375992
18503.859719753265
18572.05072402954
18636.906052350998
18708.23771929741
18779.01376748085
18858.81687116623
18931.269513368607
19000.763216018677
19085.226598501205
19151.880162477493
19213.22137951851
19276.803402662277
19350.002430200577
19421.126980781555
19486.069141626358
19549.452533960342
19624.944797039032
19691.109172344208
19760.80524969101
19831.863520383835
19916.87899494171
19988.551103830338
20050.27477622032
20113.908153295517
20177.907331705093
20248.2972509861
20308.135120153427
20370.96813058853
20431.03555417061
20505.32851290703
20566.77715563774
20630.973791122437
20702.559719324112
20774.840296030045
20864.44441127777
20928.204154729843
21004.94017648697
21069.106281280518
21152.74081850052
21226.202803611755
21299.006881713867
21369.864660978317
21439.684651851654
21520.366399765015
21583.584869146347
21641.863343715668
21703.571411132812
21776.973809719086
21840.581040620804
21907.382778167725
21965.695449590683
22046.19071650505
22125.899520635605
22187.97038936615
22253.133496522903
22318.235040187836
22378.95489549637
22480.028948307037
22544.294515371323
22620.184760332108
22697.400854587555
22780.8539185524
22871.68615794182
22955.99637913704
23020.869745016098
23082.662221193314
23142.954609394073
23215.155741214752
23285.818866968155
23345.45705151558
23416.658906936646
23479.1283557415
23547.739693164825
23613.197330236435
23680.516200065613
23749.686771154404
23814.423098564148
23889.9408223629
23956.289429426193
24052.137503385544
24117.977061510086
24183.196080446243
24257.881059646606
24318.401108264923
24378.952565193176
24463.27986907959
24521.9299120903
24602.2024371624
24688.50811100006
24750.674253940582
24813.293195724487
24878.010805606842
24940.15274477005
25013.855022907257
25084.17622065544
25151.06980919838
25216.73349547386
25281.63761806488
25361.439420938492
25447.423651218414
25516.28015422821
25578.003550052643
25645.4423327446
25721.83194208145
25788.102701187134
25847.949153661728
25910.807183265686
25976.282947063446
26043.44535923004
26115.029974222183
26175.857349395752
26242.117973089218
26310.020401716232
26376.349865198135
26437.863612413406
26516.481724262238
26578.874059915543
26661.298983335495
26720.19161772728
26785.549025774002
26860.366810798645
26926.316209316254
27001.219450235367
27062.5529859066
27127.1907787323
27186.540486574173
27260.397778511047
27318.372675657272
27381.937485218048
27450.461196660995
27510.58915090561
27575.624077558517
27655.189126968384
27716.81962943077
27779.842583179474
27842.62842488289
27907.72812485695
27971.299516439438
28057.198052167892
28128.081052541733
28199.360810518265
28266.71682024002
28352.359628677368
28414.68336749077
28489.005641937256
28550.50865650177
28623.984088897705
28688.546040058136
28758.57485818863
28824.63500905037
28916.67148733139
28988.45978164673
29057.637161016464
29131.48348736763
29198.81190919876
29260.36283135414
29340.227645158768
29407.417583227158
29478.68324971199
29539.93637228012
29606.03406071663
29666.811941862106
29748.54819583893
29807.32560491562
29893.437108039856
29958.59451317787
30025.48583173752
30104.966462612152
30179.647112607956
30253.40616106987
30318.364387750626
30381.11160302162
30443.206728696823
30525.39274930954
30603.655285835266
30691.795284986496
30753.402985811234
30825.532504320145
30889.72144961357
30959.72016954422
31020.199729204178
31096.129264593124
31160.98648762703
31229.993750095367
31290.29702925682
31352.36564397812
31415.678128004074
31516.11348748207
31584.661675453186
31657.33942580223
31727.409610509872
31789.70636510849
31875.59017586708
31942.586789369583
32029.083038568497
32098.40823674202
32161.449189186096
32227.823380470276
32295.004160404205
32384.173768758774
32447.606422662735
32536.339928388596
32612.20451951027
32679.6022002697
32746.70366382599
32806.30637073517
32869.20767521858
32933.3734087944
33014.47619390488
33095.543813467026
33168.680146217346
33227.80733919144
33294.145397901535
33365.72712087631
33443.37900662422
33510.00795316696
33571.159229040146
33636.883878946304
33701.044830560684
33767.07514715195
33828.010360240936
33911.76532173157
33990.41919183731
34052.46093463898
34114.14788722992
34177.15904259682
34237.40723609924
34303.32371258736
34366.84378576279
34450.311522483826
34538.68768930435
34603.34956455231
34670.157081604004
34732.16263747215
34805.82431411743
34873.3275475502
34959.95529937744
35045.54963159561
35111.86748170853
35179.364678144455
35256.92678070068
35327.64341711998
35389.962072849274
35470.90118312836
35542.73600745201
35602.84425282478
35671.859613895416
35732.58223128319
35794.81685590744
35859.071808815
35945.905275821686
36007.59749507904
36071.03782629967
36138.199400901794
36201.01466202736
36265.31592011452
36330.7250688076
36390.491448402405
36470.77130103111
36542.813796043396
36615.81802248955
36695.69721484184
36762.67638707161
36832.53376746178
36897.303747177124
37004.16403031349
37071.415962696075
37135.686927080154
37200.436050891876
37268.544097185135
37339.79507303238
37402.699048280716
37469.383721113205
37558.03935289383
37624.657485961914
37691.640632390976
37755.23174762726
37818.04670906067
37884.21902513504
37949.18069243431
38018.67786335945
38100.670041799545
38167.1050195694
38239.22424244881
38316.108481407166
38379.66654706001
38450.16118979454
38519.985558986664
38580.5199136734
38671.79792690277
38740.743065834045
38806.67413830757
38879.390269994736
38950.34981036186
39017.95000362396
39084.8841881752
39148.41056680679
39241.85125374794
39325.3074157238
39389.70863080025
39469.233417510986
39539.097604990005
39606.95777630806
39674.552391290665
39738.65828204155
39833.179597854614
39897.84281182289
39963.8263092041
40030.257897138596
40105.15642237663
40179.69613957405
40241.20851397514
40307.99865484238
40407.92693519592
40480.827999830246
40549.1400270462
40614.75314116478
40690.929492235184
40756.238768815994
40827.76862001419
40915.322439193726
40992.353899002075
41101.35437965393
41166.56127214432
41229.157044649124
41293.49940991402
41356.68996882439
41420.29659605026
41492.04401111603
41556.73433423042
41645.20969104767
41708.95026230812
41778.31118130684
41841.77934336662
41928.87250876427
42008.78080749512
42091.52333855629
42157.614527225494
42226.10397028923
42319.611005306244
42405.66504955292
42482.118911743164
42570.387189626694
42636.70564866066
42721.724401950836
42787.15177869797
42851.07906103134
42915.585091114044
43007.502378702164
43077.75788354874
43141.10122179985
43205.80957913399
43270.721215724945
43336.38167285919
43443.00829577446
43507.951338768005
43604.36785387993
43671.490507125854
43734.40860414505
43800.21585869789
43882.48109650612
43949.29824709892
44023.08324551582
44090.008263111115
44150.87635278702
44260.72743225098
44322.03178501129
44389.93706512451
44470.29258084297
44533.97023153305
44606.67635512352
44666.81018662453
44732.121507167816
44799.10053896904
44884.97504591942
44969.46234416962
45029.922621011734
45091.99059510231
45168.48439216614
45233.45826101303
45304.30976653099
45393.26884031296
45455.15767502785
45528.930708646774
45635.026653289795
45701.8880443573
45770.68795800209
45838.86242866516
45905.64315724373
45978.68124961853
46049.61016821861
46116.033462285995
46178.03686094284
46266.197783231735
46334.217581510544
46400.51436829567
46466.945346832275
46537.31805920601
46611.634442567825
46675.91055870056
46741.83460307121
46803.49957084656
46898.11941456795
46962.71033120155
47030.080476522446
47108.82301926613
47177.47202396393
47247.57107305527
47312.41916871071
47398.941507577896
47481.39232802391
47541.219851732254
47627.05145382881
47689.71674871445
47756.02395129204
47827.922975063324
47889.29104948044
47954.596557855606
48020.5619225502
48101.8459777832
48167.9123404026
48235.81777691841
48326.95324039459
48404.534846544266
48472.30960416794
48536.020211696625
48600.532658576965
48667.141619205475
48735.32744526863
48797.98578476906
48861.18068647385
48953.95942020416
49016.01897406578
49091.25894641876
49152.00075125694
49226.7748465538
49289.922597169876
49360.48918557167
49424.13897275925
49496.64468216896
49562.12051296234
49671.480974674225
49740.31417274475
49807.0640668869
49873.71376180649
49938.74200487137
50005.80466413498
50068.76727604866
50134.53096294403
50205.44561910629
50266.11521816254
50355.70586037636
50448.62109422684
50514.51215529442
50576.65357851982
50651.106808423996
50725.9936606884
50790.47995233536
50885.56715917587
50949.31540417671
51008.65127158165
51075.44423246384
51164.89911866188
51237.97860479355
51299.03371524811
51363.71412754059
51433.14207434654
51496.73768210411
51560.15929579735
51624.297550439835
51684.92298436165
51749.919495821
51836.02789187431
51905.36097717285
51977.16278266907
52043.26338481903
52109.1514043808
52184.4474401474
52245.56907868385
52306.9808781147
52370.31549572945
52431.12527346611
52523.92773985863
52587.0658955574
52659.42040467262
52729.53085947037
52795.43605494499
52861.64277887344
52928.43381643295
52993.811017751694
53060.865951776505
53129.60062670708
53202.894584178925
53297.2063164711
53358.94954800606
53431.29942917824
53497.74467039108
53570.090044260025
53637.32649707794
53699.459908246994
53760.316410303116
53829.68718290329
53897.504155635834
53959.74899363518
54079.16703701019
54141.90783238411
54220.30403256416
54290.417761564255
54358.18787193298
54420.62558412552
54489.95076942444
54558.28716778755
54633.00454854965
54698.73312211037
54764.559614896774
54860.36417341232
