47.86093497276306
94.0294177532196
143.40198683738708
192.916729927063
255.88954710960388
308.38233256340027
353.0971624851227
410.83447217941284
456.6672475337982
509.38761377334595
557.3071525096893
613.1082618236542
662.3703293800354
708.3676671981812
754.7492008209229
801.603541135788
848.602775812149
904.1047141551971
957.5066297054291
1008.6776645183563
1052.904645204544
1106.1005246639252
1154.8633720874786
1200.7199549674988
1247.6972243785858
1295.7583532333374
1349.3146085739136
1408.695820093155
1454.7844800949097
1509.5285820960999
1560.6107985973358
1606.8658440113068
1658.8432443141937
1704.4291656017303
1771.6358001232147
1854.5364258289337
1907.7845296859741
1953.890308856964
2005.826504945755
2049.429224252701
2109.082836151123
2154.1883673667908
2200.0666270256042
2248.0622098445892
2296.0459876060486
2342.0292444229126
2395.447311401367
2445.5811669826508
2495.8034613132477
2548.2965371608734
2600.1263868808746
2645.587507724762
2699.7016036510468
2749.741064310074
2798.031717300415
2845.8440289497375
2897.767007112503
2945.3075847625732
3004.979123353958
3060.5090038776398
3127.503081560135
3195.043335914612
3242.564843416214
3287.1480622291565
3342.931555747986
3387.8900525569916
3444.5426528453827
3500.1578211784363
3550.919641017914
3599.599927663803
3647.94176197052
3716.1567554473877
3761.993466615677
3810.8656120300293
3865.506109714508
3917.7058441638947
3966.1362698078156
4012.0285189151764
4053.628071308136
4110.685086011887
4166.284000873566
4218.269864320755
4261.753172159195
4319.074450016022
4366.421099185944
4411.311719417572
4474.191994667053
4522.370555877686
4576.5070905685425
4622.517240524292
4672.09868311882
4720.342111110687
4765.852388143539
4813.441468477249
4859.17268371582
4906.505455493927
4951.398890256882
5016.33586025238
5080.697764158249
5127.030594110489
5189.08859205246
5240.830983161926
5307.322705984116
5354.699905157089
5404.414633512497
5454.090260267258
5514.21105670929
5576.614346265793
5625.964487791061
5689.450815677643
5751.783480644226
5804.130171775818
5855.735041618347
5904.138508796692
5953.529519081116
6022.733995676041
6075.7253341674805
6122.626212120056
6166.4305963516235
6227.166651725769
6301.055143356323
6351.183628082275
6403.58390045166
6445.971784114838
6494.596744298935
6538.66556429863
6599.27627491951
6657.817851066589
6712.178709745407
6755.5405333042145
6815.795780658722
6859.697212457657
6918.947892904282
6973.328526258469
7033.888520479202
7079.566872358322
7127.510776042938
7178.712892770767
7231.111673593521
7298.057847738266
7358.343287706375
7407.033219099045
7456.150276184082
7504.548012971878
7555.13671708107
7602.075570106506
7650.424471139908
7704.605222225189
7750.38484954834
7797.401368379593
7843.8097586631775
7913.880211353302
7968.568550348282
8011.350465774536
8063.556849718094
8110.317220449448
8159.408940792084
8204.71372795105
8254.94750547409
8299.85784959793
8346.724703073502
8406.388276576996
8456.548444747925
8507.644822359085
8572.77745771408
8629.630374908447
8672.881096124649
8724.780608177185
8772.11963057518
8818.946177959442
8872.232489347458
8921.461800575256
8990.015046596527
9048.228754520416
9092.140215873718
9147.191143035889
9196.649667978287
9247.001389980316
9326.84475016594
9371.590874433517
9416.472652673721
9478.468969583511
9538.005839824677
9581.307085990906
9635.476964235306
9695.004743099213
9751.587811231613
9796.813579797745
9844.685596227646
9905.8626101017
9963.348576307297
10013.04367017746
10086.379925489426
10135.970754861832
10185.847868204117
10229.672506570816
10274.502941608429
10332.781810045242
10378.016165971756
10419.46373462677
10475.452382326126
10521.61265707016
10578.067396640778
10634.083156347275
10692.487180233002
10738.684303998947
10789.426081895828
10861.632465362549
10903.39639878273
10954.848800182343
11016.839821338654
11063.089210748672
11130.61138510704
11189.76752948761
11237.447373628616
11288.882557868958
11361.844830989838
11407.282505989075
11454.64220404625
11506.490342855453
11560.919267416
11610.848680734634
11663.449012041092
11729.8688955307
11777.370433568954
11840.022481441498
11883.903271436691
11944.427951097488
12002.79249215126
12049.854496955872
12118.059183120728
12167.375399112701
12226.037679433823
12274.640016317368
12326.717627286911
12383.060191869736
12430.852572917938
12495.02366399765
12546.604769706726
12589.863218545914
12650.85888671875
12696.352657318115
12746.484080314636
12792.17349267006
12838.91435623169
12897.254448413849
12943.135926246643
12988.516112804413
13043.665114402771
13096.439652442932
13142.038135290146
13193.345962524414
13240.15007352829
13292.788494586945
13337.501650810242
13387.149174451828
13442.849031925201
13491.297214984894
13536.739518880844
13580.60811471939
13632.252067565918
13677.670380592346
13720.843590259552
13764.295767784119
13828.85971403122
13876.413050413132
13924.95120882988
13976.026530981064
14033.741320848465
14083.078293323517
14128.977981328964
14181.353116989136
14226.62164735794
14270.82482123375
14316.652785778046
14376.73240160942
14443.767931699753
14515.716620206833
14560.849481344223
14616.475069284439
14668.426535367966
14728.900837182999
14779.978557825089
14843.699850320816
14916.809479951859
14959.220620155334
15005.973021268845
15058.911365270615
15126.533551692963
15175.45013332367
15234.32450580597
15286.287321329117
15349.4515645504
15392.748290538788
15443.465807676315
15500.103086709976
15568.009434461594
15636.979682445526
15700.5089635849
15767.76085972786
15821.786834955215
15871.562299489975
15922.758845806122
15968.182903528214
16034.341369390488
16081.019829273224
16125.77132821083
16188.907732725143
16234.545784711838
16289.535990476608
16337.447521448135
16387.48313641548
16431.33850169182
16502.450866937637
16555.77565050125
16606.61292552948
16651.039664506912
16706.379645824432
16753.048523902893
16813.63627266884
16869.353628396988
16917.29688310623
16971.991386651993
17013.807162046432
17060.69184112549
17121.33773636818
17169.671017885208
17242.279102563858
17291.06010246277
17338.03596520424
17382.76226425171
17456.263202667236
17498.339239358902
17544.746634960175
17589.595331192017
17637.0995759964
17701.79740691185
17754.798445940018
17799.838015317917
17865.49899816513
17916.455600738525
17976.947628498077
18021.910580158234
18066.056819438934
18110.413720607758
18152.307723283768
18209.3662276268
18264.497715711594
18311.219544410706
18361.398822546005
18407.357126235962
18462.029695749283
18510.68159508705
18552.819512844086
18597.78978037834
18644.94288110733
18701.32031416893
18745.55921936035
18789.702980041504
18833.988293409348
18882.764816999435
18936.548727989197
18983.179306983948
19039.055505990982
19084.66436433792
19136.033960580826
19236.23415207863
19284.010278701782
19331.63724088669
19394.539377450943
19446.877228736877
19508.129947423935
19562.957392454147
19610.604922771454
19661.014580965042
19703.750416517258
19760.85449719429
19805.20613217354
19854.038449048996
19901.868302583694
19949.743907928467
20005.119249343872
20052.726702928543
20098.450191497803
20149.743632793427
20200.375997781754
20251.78275346756
20313.058140039444
20362.955782175064
20406.59708094597
20450.530997037888
20507.21674823761
20566.898941516876
20615.242032766342
20660.123163938522
20715.553124666214
20761.15172147751
20817.271470069885
20891.02990412712
20945.209181308746
21007.449705839157
21056.110647916794
21105.722908973694
21149.891049861908
21215.9219520092
21262.73247742653
21316.841121912003
21365.622107744217
21408.95211482048
21467.6580452919
21517.047179698944
21570.918176174164
21622.713809251785
21682.93979525566
21730.461799144745
21815.89341187477
21863.089423656464
21932.932231664658
21979.97794532776
22027.20389509201
22096.07237648964
22155.388762950897
22210.281469106674
22272.59869003296
22330.711206436157
22372.539340496063
22434.5303440094
22498.51656961441
22546.464455604553
22592.841111183167
22643.620063066483
22696.884486436844
22745.762637853622
22803.07022857666
22849.28882575035
22901.5110976696
22946.997768878937
22991.278252840042
23039.761969089508
23100.312544822693
23144.658851385117
23188.51991224289
23245.676698684692
23297.938465833664
23346.056890010834
23409.94690179825
23458.27898621559
23512.46200942993
23572.35227417946
23618.799904108047
23687.60026741028
23753.45463514328
23816.615834712982
23861.749719142914
23908.768213272095
23953.322825670242
24008.027970552444
24054.404805660248
24136.514661312103
24184.878178834915
24234.31945824623
24298.310660362244
24342.74496603012
24387.51763510704
24452.261823177338
24497.790828227997
24569.994131326675
24623.693610668182
24672.125022888184
24718.054064273834
24764.788558244705
24832.721734523773
24887.26856160164
24941.38546037674
24991.127241134644
25044.37135243416
25100.52101612091
25147.71057367325
25209.502940177917
25256.718927383423
25300.330097198486
25344.71933555603
25391.975820541382
25444.671177387238
25518.396505117416
25572.47928071022
25615.839584827423
25659.754763126373
25710.156601428986
25757.78936123848
25802.91257071495
25884.45796728134
25934.79238009453
25986.919500112534
26048.018712043762
26099.31098628044
26159.245814800262
26216.08067369461
26279.96174311638
26351.56201505661
26396.717391967773
26445.36256980896
26501.408101320267
26552.648119926453
26622.444648742676
26688.781900405884
26736.484081983566
26789.03368496895
26841.270498991013
26890.082755565643
26938.880356788635
27006.953937530518
27072.090770959854
27126.53657579422
27173.135969400406
27222.95638847351
27287.894032478333
27349.07840013504
27399.551641464233
27461.835427999496
27517.47333574295
27568.455451488495
27621.959130764008
27681.476781845093
27741.714594602585
27793.45900964737
27862.354921102524
27914.247718572617
27960.818531751633
28010.756365060806
28062.319679260254
28108.538239002228
28160.16424036026
28206.28197479248
28275.18472957611
28324.374604940414
28377.59756731987
28429.051798582077
28477.811603307724
28528.373891592026
28589.729880809784
28678.582725286484
28726.793436288834
28777.780633687973
28831.39382815361
28879.3234667778
28952.871042728424
29003.761649131775
29051.65014719963
29119.719110012054
29171.634023666382
29225.961735725403
29273.481642007828
29322.03552055359
29371.310680150986
29421.34513092041
29508.050545692444
29560.74205470085
29622.490052461624
29671.375066518784
29724.60835313797
29778.896855831146
29826.797652482986
29879.943388938904
29949.727246522903
30000.034576892853
30058.051597833633
30106.9758849144
30160.21727013588
30226.88950443268
30275.21159887314
30324.096063137054
30396.235077619553
30453.85130405426
30503.40382862091
30551.778431653976
30603.08442735672
30651.421407222748
30701.769825696945
30750.472898244858
30821.72891664505
30879.156665802002
30952.007353782654
31001.133474349976
31066.371972084045
31124.24787569046
31174.39491868019
31249.664904356003
31323.426827192307
31373.60228061676
31428.21220254898
31480.647376537323
31535.0528318882
31588.941136837006
31643.77854037285
31703.57702612877
31790.842887878418
31865.308965206146
31944.543984651566
32010.5267431736
32059.84585762024
32108.80030989647
32160.01271724701
32212.812374830246
32262.08745408058
32333.387590169907
32396.67869091034
32452.253197193146
32501.564231157303
32549.472049236298
32595.059325695038
32645.4300365448
32698.57905936241
32770.28254055977
32821.84107851982
32871.376052856445
32918.38901042938
32970.06046628952
33021.954708337784
33071.200770139694
33121.31708955765
33169.1082804203
33239.06344127655
33295.54603600502
33346.66106534004
33425.03070950508
33475.41949748993
33534.06687498093
33600.04569864273
33657.43929028511
33726.77137184143
33779.65276527405
33829.60432910919
33885.02745079994
33935.32027769089
33989.59193611145
34039.791998147964
34089.263401031494
34160.640919685364
34235.72651576996
34311.26248335838
34357.91891384125
34407.30625486374
34462.041942834854
34513.888726472855
34565.71855735779
34619.58537244797
34668.98510718346
34749.07158923149
34798.382439374924
34856.50627183914
34905.31483602524
34963.540328502655
35014.1036696434
35082.05351114273
35128.3076839447
35180.826687812805
35257.16960430145
35304.845381736755
35363.66160297394
35412.62238907814
35463.4409930706
35514.53077960014
35562.55012369156
35628.55360364914
35681.75069642067
35753.74795651436
35806.34623360634
35855.53831124306
35907.221562862396
35956.38898205757
36006.56916761398
36062.93828058243
36115.89055085182
36164.66032099724
36210.3279941082
36277.906436920166
36332.36402344704
36387.01441526413
36444.92488574982
36495.4017663002
36546.23993253708
36608.80142045021
36656.35276532173
36705.02511239052
36790.051916360855
36852.45059752464
36906.33215403557
36957.419157743454
37006.31042480469
37063.87014269829
37111.87587881088
37163.28106069565
37231.47125649452
37285.148381233215
37362.32419466972
37417.19224309921
37467.672241687775
37517.204755306244
37584.13429045677
37645.160217285156
37696.288012981415
37744.739439964294
37795.08400607109
37876.94587111473
37947.520835638046
38021.61165356636
38072.94209527969
38124.28306603432
38174.73109650612
38224.65961456299
38279.18783712387
38362.33585166931
38442.503303050995
38525.99100089073
38578.736775159836
38642.48234915733
38692.92818951607
38761.93553805351
38818.87023448944
38869.72375226021
38941.82404065132
38990.42277765274
39041.07519888878
39137.23244428635
39188.045035123825
39246.77095079422
39300.262934446335
39357.19736146927
39413.90334773064
39464.08221054077
39512.361147880554
39580.08423495293
39629.09168934822
39715.15922451019
39768.794865846634
39820.418580532074
39874.65355348587
39937.59537625313
39999.92864727974
40052.95525574684
40102.36535811424
40164.22887325287
40237.41957306862
40298.71376848221
40393.59375
40449.36047577858
40518.18586611748
40568.938103199005
40620.213752985
40679.071475982666
40732.880771398544
40790.99960517883
40842.2056760788
40897.83877110481
40973.78766274452
41020.74613213539
41075.66098546982
41126.75142931938
41206.45028781891
41255.866191864014
41306.4627161026
41356.07594561577
41405.075966119766
41452.904499053955
41528.27288365364
41585.88646316528
41659.830785274506
41706.227746248245
41763.65935087204
41811.986157894135
41886.45993280411
41939.86193728447
41991.34801077843
42053.20023012161
42105.25731301308
42207.130598545074
42258.51310133934
42307.09825491905
42359.930587768555
42409.92954874039
42462.69664025307
42512.26431488991
42569.46633338928
42631.45308995247
42701.63218188286
42763.91817975044
42843.93386888504
42895.18502378464
42952.89753651619
43025.82952260971
43072.76112294197
43124.95281910896
43198.447883844376
43264.05493068695
43322.66720700264
43369.79165863991
43425.36142039299
43503.90632867813
43576.59586930275
