32.90793466567993
64.38972115516663
96.35226964950562
126.6697347164154
161.6952691078186
194.58619022369385
225.82013273239136
258.3277859687805
288.87993812561035
325.6590299606323
363.9220414161682
396.32921957969666
428.6360948085785
464.721031665802
500.67061042785645
531.6510853767395
565.4780919551849
596.3509392738342
627.3000082969666
660.5401082038879
694.4812505245209
723.5225677490234
766.566633939743
798.5209186077118
830.3912484645844
872.039543390274
901.7591941356659
933.561404466629
963.8290734291077
998.5223622322083
1031.1217150688171
1063.7728090286255
1094.2900156974792
1126.1725947856903
1158.227527141571
1190.9350850582123
1221.5861673355103
1251.5928838253021
1281.9777200222015
1311.3492233753204
1342.4450347423553
1377.444067955017
1407.734990119934
1441.467514038086
1485.0326888561249
1517.123794555664
1549.2486877441406
1581.5436022281647
1612.5228106975555
1644.7936325073242
