61.94230556488037
138.39319896697998
229.29144072532654
312.26684737205505
370.9762783050537
440.1584086418152
502.186799287796
562.3822655677795
624.3868339061737
696.4545266628265
756.7290580272675
841.4057943820953
903.8829364776611
966.6821887493134
1030.4976851940155
1092.7570230960846
1159.7762777805328
1236.802585363388
1305.3334622383118
1365.40798330307
1432.8997881412506
1494.215384721756
1558.3300566673279
1620.3973243236542
1706.548455953598
1787.4422798156738
1850.9461901187897
1921.0263147354126
1981.754644870758
2055.974565267563
2117.272288799286
2180.9881393909454
2245.2509808540344
2312.738002061844
2380.472095489502
2447.645669698715
2511.4471485614777
2575.00506067276
2644.6239397525787
2715.5393941402435
2780.64305973053
2844.45468044281
2909.9909505844116
2973.4610846042633
3050.4545266628265
3129.1173510551453
3197.3589267730713
3270.450845718384
3337.2453644275665
3398.6527411937714
3466.8882381916046
3530.393431186676
3597.3817839622498
3672.2609026432037
3744.1281921863556
3812.9069736003876
3886.7617979049683
3955.9287583827972
4019.4196631908417
4091.396327018738
4172.860577344894
4241.080323219299
4299.841114997864
4388.983721494675
4451.63019323349
4519.046942949295
4591.433841228485
4654.038909912109
4716.720244884491
4795.629422664642
4868.330657720566
4935.867943286896
5000.2937104702
5065.702267408371
5130.309015274048
5195.557665109634
5273.1375644207
5344.276028633118
5406.895383358002
5485.26832151413
5555.481560945511
5619.797918319702
5698.77512717247
5763.622940063477
5845.45107960701
5907.298366546631
5978.573263645172
6063.250636100769
6137.898967027664
6226.1149961948395
6304.728593587875
6375.372933387756
6448.926963567734
6512.015891075134
6572.88271355629
6637.068996191025
6697.614462852478
6782.881480693817
6849.49254655838
6934.655276060104
6999.946138620377
7062.521412372589
7137.682034730911
7200.01483297348
7263.672780990601
7329.865151643753
7393.637763261795
7464.65730881691
7525.294412612915
7589.677001476288
7656.626602888107
7719.755061388016
7783.33284163475
7845.248630285263
7911.775053739548
7984.150985240936
8051.51659488678
8126.449039697647
8194.226897001266
8257.470719575882
8315.323343753815
8385.79516363144
8443.47658419609
8505.300954580307
8567.178645133972
8628.606126070023
8714.858556747437
8781.055985689163
8862.750022172928
8927.888557434082
8984.73981642723
9053.771499633789
9110.415581941605
9180.439521551132
9245.119109153748
9319.912525177002
9380.190109968185
9457.538924694061
9524.792602062225
9590.341562986374
9650.928052186966
9715.153553962708
9782.12174987793
9845.811153888702
9906.607729673386
9985.062978506088
10045.734825611115
10120.699623823166
10195.736523389816
10255.311838626862
10329.949514627457
10395.645436763763
10468.278658151627
10552.80124759674
10621.772778272629
10681.415506362915
10740.515112161636
10821.342937231064
10883.289322376251
10958.958060264587
11022.020941495895
11084.910851240158
11159.179901838303
11232.540004491806
11306.334542751312
11372.246331691742
11437.345021247864
11507.112478733063
11566.949233055115
11645.892630815506
11711.848029613495
11779.77065873146
11839.239992141724
11900.988389015198
11977.752088069916
12041.58499956131
12100.89709186554
12172.1557366848
12239.516748666763
12315.467653989792
12375.908760786057
12437.875395536423
12507.024945735931
12568.151451349258
12629.424127340317
12698.184895038605
12757.307897806168
12823.213827848434
12887.87550497055
12948.045162200928
13020.899365901947
13085.608175754547
13147.775235652924
13215.118824720383
13287.077033042908
13348.290057182312
13415.906893491745
13474.36729335785
13540.360503911972
13609.531747579575
13673.885323762894
13735.116610527039
13803.328254699707
13866.571094036102
13931.251072883606
13996.345124483109
14056.39701461792
14115.832739114761
14181.435359477997
14242.33206486702
14309.242492198944
14375.209572315216
14439.042095422745
14508.219006299973
14575.205080509186
14643.939460277557
14714.630466461182
14782.718081712723
14843.654646396637
14904.617017269135
14973.02563238144
15050.9912981987
15111.264423370361
15181.83155798912
15255.39984536171
15317.204061031342
15383.458400726318
15463.11640381813
15526.519674539566
15588.002743721008
15659.996738433838
15721.220924139023
15785.867703676224
15853.372608661652
15917.818936347961
15982.914958953857
16050.361515283585
16119.20702624321
16181.745386838913
16266.281292200089
16341.83734035492
16402.040923833847
16468.85375547409
16541.101418972015
16611.34859228134
16681.767113685608
16747.20792365074
16819.063807964325
16885.91056227684
16947.21993660927
17009.905814409256
17081.100964307785
17144.434948444366
17203.41264629364
17269.66498374939
17342.21852874756
17405.13712477684
17466.019334316254
17536.123816013336
17605.378090381622
17675.05277299881
17759.813544511795
17844.73480772972
17910.022650957108
17972.879108190536
18054.97832107544
18124.676177740097
18185.819870233536
18251.406564235687
18312.299643039703
18394.902512311935
18455.9850730896
18523.513595581055
18585.48920917511
18654.478237867355
18740.757301330566
18800.59376835823
18861.453343153
18931.909499406815
18999.810873508453
19065.045742750168
19142.54821753502
19226.18147778511
19297.002724647522
19358.322940826416
19430.49649167061
19503.367327928543
19565.79336810112
19633.371563196182
19700.011018276215
19781.85236954689
19848.13109922409
19911.630702972412
19975.8797352314
20051.08646440506
20134.623544692993
20198.208456516266
20261.91313099861
20333.777862787247
20394.598612308502
20459.16111755371
20520.661350488663
20593.50918006897
20671.331411123276
20749.856118917465
20811.606397390366
20881.849304676056
20944.27582359314
21004.644268989563
21082.07776069641
21145.723632335663
21218.0210750103
21290.935015916824
21354.641966819763
21414.03511619568
21486.730587244034
21554.81504225731
21625.436954975128
21687.83695960045
21763.586896657944
21838.308054685593
21920.179200172424
21980.228711366653
22041.857524633408
22117.427646160126
22186.41081261635
22250.92760491371
22324.017280101776
22388.43978357315
22461.683159828186
22525.414372444153
22587.913658618927
22651.535412549973
22716.379920482635
22801.39583325386
22874.932169914246
22963.14657354355
23032.255301237106
23107.641765356064
23167.302989959717
23228.27930498123
23293.164655447006
23350.508623838425
23424.6234562397
23485.12325334549
23545.35671210289
23609.243825912476
23672.037098646164
23749.685430765152
23830.03631067276
23892.807001829147
23953.26629948616
24012.675902843475
24089.443747997284
24183.802711963654
24250.677253961563
24312.344501256943
24381.709612607956
24463.997733592987
24529.02435207367
24587.82532095909
24655.161853551865
24717.29295706749
24780.309946775436
24855.978882312775
24918.89747929573
24981.37716984749
25049.04923391342
25109.92452788353
25187.54029583931
25252.96535372734
25319.012325048447
25383.793275117874
25444.49806690216
25515.73468208313
25578.318836450577
25641.179741621017
25722.29307460785
25786.05271911621
25858.789140939713
25919.68706703186
25991.644886493683
26052.777164936066
26115.02548265457
26179.329622745514
26255.66702079773
26324.626557826996
26385.22814488411
26452.16949057579
26535.186702013016
26610.862416744232
26678.762657165527
26742.896032094955
26826.404622077942
26885.275282382965
26944.310075998306
27021.342018842697
27107.28195953369
27170.365834712982
27231.42157101631
27309.049963235855
27394.11612057686
27456.046725034714
27529.742014169693
27594.31205558777
27665.922065258026
27725.303421974182
27800.089771270752
27880.728709459305
27947.5304915905
28019.9992954731
28082.728499174118
28167.632586479187
28242.590767860413
28312.863904953003
28376.144753217697
28435.093850135803
28495.567441225052
28556.222306013107
28653.178617239
28712.153457403183
28770.840958595276
28831.216916561127
28890.46941614151
28984.518353939056
29058.91398501396
29119.884112358093
29187.6087539196
29249.530996322632
29337.671696424484
29416.895736455917
29500.42892098427
29560.204261302948
29620.059049129486
29682.46671152115
29744.600468158722
29809.236144781113
29894.220185041428
29957.42876434326
30019.453089237213
30089.928781032562
30152.19870376587
30217.155905246735
30292.59371638298
30356.591925621033
30442.111790657043
30507.55813884735
30594.55119562149
30659.94819664955
30733.502392292023
30799.11607837677
30864.6979970932
30927.760766983032
30989.10797405243
31056.34318256378
31125.53626203537
31224.214376688004
31286.418182611465
31350.814012289047
31416.35707306862
31479.135021686554
31542.63396692276
31617.314802885056
31703.43039059639
31765.528648376465
31824.988136291504
31889.830353736877
31959.9620552063
32048.41184616089
32133.322421312332
32218.19611263275
32286.924493551254
32351.372373580933
32411.032213926315
32486.207706451416
32562.639177322388
32648.13197517395
32710.785664319992
32775.918127298355
32844.161036252975
32905.64437627792
32972.73349070549
33056.99951505661
33141.158068180084
33207.93617892265
33271.94093775749
33340.46360015869
33425.09093928337
33487.59427380562
33588.755044698715
33652.9630048275
33724.467091321945
33792.97551989555
33875.76822066307
33943.3265042305
34003.81457209587
34083.735077381134
34145.93595480919
34213.14695310593
34286.34340047836
34348.56806182861
34414.24312067032
34510.7970700264
34575.30538034439
34636.75386953354
34700.7713534832
34777.19423532486
34843.21042394638
34910.30602955818
34971.09943962097
35054.2741830349
35128.94119119644
35192.29724764824
35254.45218396187
35316.36468911171
35381.207010746
35445.88193297386
35529.95360302925
35607.516169309616
35672.20785546303
35736.36270189285
35803.86181116104
35873.61858677864
35936.05781149864
36039.809943437576
36145.54007577896
36209.857602119446
36288.02192878723
36361.29924106598
36427.10839295387
36498.54513883591
36612.076959609985
36697.66225218773
36765.245160102844
36832.862996816635
36903.722341775894
36982.39018917084
37053.15836071968
37121.87355709076
37202.52605009079
37277.474811553955
37344.88420343399
37413.738545656204
37480.11284160614
37550.43940663338
37616.393417835236
37699.491758584976
37765.45315980911
37837.99474143982
37903.55764365196
37988.955297231674
38061.978592157364
38123.859129190445
38191.18730545044
38275.25421500206
38345.15928983688
38409.83012890816
38486.29496073723
38556.564000844955
38619.29890727997
38698.05800676346
38765.89127230644
38868.93096661568
38939.48301553726
39005.61652445793
39080.78939175606
39156.17243671417
39219.71735334396
39287.446945905685
39351.864626169205
39448.63402700424
39519.96671152115
39597.02348232269
39672.85264277458
39741.71652197838
39806.711034059525
39871.00160431862
39941.27085733414
40025.74887895584
40103.447237730026
40189.58860707283
40257.87369775772
40326.692858695984
40387.24822092056
40452.01164484024
40520.718077898026
40610.29730510712
40697.55778503418
40772.422657728195
40855.02165198326
40935.21646094322
41008.72667312622
41074.264961481094
41134.40405726433
41219.33969449997
41288.78536772728
41354.52186989784
41424.1013481617
41487.03498053551
41549.30082941055
41615.168583869934
41681.135835170746
41784.20570087433
41853.14989233017
41918.064541339874
41980.824026584625
42044.527799367905
42106.639783382416
42170.358986377716
42240.58980989456
42304.185732126236
42412.904750823975
42492.660572052
42564.819281578064
42642.88086438179
42714.296434640884
42784.73767924309
42852.651784181595
42941.327360868454
43031.85595059395
43103.120198726654
43170.61559009552
43245.357629060745
43330.017166376114
43402.78272867203
43470.84733366966
43541.82409787178
43614.95726728439
43706.56932592392
43781.36689519882
43872.7057492733
43938.75825929642
44024.25899100304
44096.990696668625
44194.375403404236
44269.55373978615
44351.31762576103
44467.11535859108
44532.870619773865
44598.31397151947
44671.75011944771
44761.30172967911
44846.59136271477
44914.507488012314
44982.43075108528
45055.87472033501
45156.36280751228
45225.2504324913
45292.04469203949
45362.72360754013
45431.767703056335
45499.770052433014
45566.17607617378
45639.73715853691
45711.82353377342
45805.77671790123
45872.88109064102
45944.20005106926
46013.02563548088
46083.53592824936
46151.77875709534
46225.84952259064
46308.39002609253
46370.88033390045
46460.28823232651
46541.25235414505
46606.502697229385
46676.25651597977
46743.08963680267
46807.07380795479
46902.445635318756
46966.09444785118
47031.69844341278
47121.76228642464
47187.376485824585
47257.73779916763
47342.89339971542
47427.81977081299
47500.06649065018
47569.11987161636
47636.67264032364
47706.959757089615
47829.55950284004
47900.54280948639
47993.50136303902
48066.86178946495
48142.48603773117
48213.81132411957
48290.071511268616
48361.81691670418
48429.47742962837
48503.51353740692
48602.80968737602
48679.100779533386
48748.701161146164
48815.00503325462
48885.62069606781
48958.22370696068
49025.26067042351
49106.386219739914
49179.745326280594
49254.27703213692
49367.68257164955
49454.12087440491
49534.871438503265
49615.29632425308
49686.23419070244
49754.560197114944
49828.09843611717
49903.16574931145
49972.12734746933
50040.22022509575
50147.03709959984
50232.13264155388
50300.62800693512
50381.57135462761
50455.04749083519
50527.03444933891
50597.120647192
50662.74668455124
50738.78867292404
50837.477200746536
50913.06563234329
50980.23955535889
51070.69112467766
51143.827523469925
51216.02968406677
51284.39739227295
51354.19575047493
51447.91087055206
51518.929548978806
51613.09180307388
51725.67350721359
51800.54348945618
51878.38134264946
51944.63044309616
52016.75129199028
52086.68981599808
52176.5445766449
52256.20175027847
52332.69514608383
52400.07585978508
52507.27250432968
52587.20451116562
52661.139785289764
52742.632517814636
52819.3362390995
52919.57935810089
52993.189774274826
53067.77893638611
53140.362820625305
53226.884811639786
53342.46060490608
53412.69536471367
53487.19852280617
53562.840947151184
53633.14803433418
53728.80265331268
53802.56947684288
53872.939616680145
53945.041733026505
54013.498839616776
54130.45203280449
54208.30935001373
54298.17395925522
54366.753836631775
54436.43697500229
54520.806033849716
54593.00889587402
54662.83528089523
54733.63722395897
54801.8006465435
54872.540805101395
54979.4929189682
55072.33564257622
55144.448023319244
55214.918377399445
55287.326409339905
55358.82898592949
55437.98359584808
55514.7249815464
55585.51445865631
55655.627170562744
55724.12326335907
55824.10715460777
55910.691868543625
55983.39131999016
56074.5255548954
56147.635684490204
56222.10500216484
56288.88373732567
56364.3140733242
56432.388394355774
56501.194012880325
56571.96853351593
56677.317623376846
56747.924132585526
56813.89796876907
56889.57283234596
56958.261867284775
