66.10945630073547
138.9046130180359
202.2517282962799
263.6757719516754
330.40443444252014
420.27311658859253
501.5853502750397
574.1520280838013
655.2613370418549
723.6758477687836
788.154700756073
847.8243191242218
917.8644759654999
990.5493528842926
1063.7713401317596
1131.540148973465
1189.257348060608
1249.483821630478
1315.4169325828552
1377.340094089508
1438.2242937088013
1501.357283115387
1582.597205400467
1652.3294208049774
1727.953153848648
1787.2350068092346
1860.9481973648071
1937.128404378891
2004.2240159511566
2062.5108921527863
2128.653500556946
2197.2018315792084
2258.1227538585663
2321.130783557892
2412.1175701618195
2475.298444032669
2535.671016931534
2594.6409907341003
2664.014795780182
2726.7177515029907
2790.1997179985046
2863.4810683727264
2930.8154237270355
2995.3259737491608
3058.7495551109314
3118.830088376999
3178.4172530174255
3250.3215610980988
3330.9809074401855
3394.3785071372986
3457.4128506183624
3547.0387287139893
3609.732786655426
3670.9836785793304
3736.1181304454803
3824.4600553512573
3884.794289827347
3949.7130029201508
4046.227371931076
4105.844908475876
4171.0757756233215
4254.665675878525
4331.334546327591
4399.997067928314
4462.181209802628
4526.5102734565735
4588.80242061615
4680.594108343124
4755.472021818161
4823.358998537064
4884.562923192978
4951.843160390854
5011.481733798981
5077.949128866196
5144.879908800125
5208.7749128341675
5282.363360643387
5350.742175102234
5423.726635456085
5490.471459150314
5577.181146860123
5640.935200691223
5703.5575070381165
5777.694017410278
5839.52797627449
5900.613659143448
5960.374604463577
6031.997439861298
6091.415835142136
6151.0644681453705
6211.161089897156
6276.533648729324
6333.518225669861
6403.140285491943
6470.6017327308655
6567.406589746475
6626.1552221775055
6688.682958841324
6765.221980810165
6822.275069236755
6882.789283275604
6950.070855140686
7025.573500871658
7103.304487228394
7167.706935882568
7257.1412942409515
7360.510408401489
7461.994446992874
7555.424706459045
7712.699135065079
7770.924530744553
7849.229611158371
7928.247316598892
7994.035103559494
8061.755911111832
8123.223059892654
8195.329888820648
8258.565135240555
8329.24350976944
8409.021069526672
8501.74445772171
8568.097446918488
8659.032749891281
8723.17704820633
8803.601341962814
8871.837066173553
8934.746745586395
9002.254036426544
9064.605291843414
9134.350862264633
9194.331745624542
9279.548503637314
9348.46055483818
9414.77700304985
9476.4795088768
9547.72957777977
9615.49310350418
9674.708367109299
9746.898127794266
9805.956657648087
9905.68367266655
9974.72887468338
10053.727855205536
10116.248660564423
10184.75465130806
10254.788806200027
10327.884877443314
10390.764356136322
10464.522449731827
10524.38913655281
10595.486760377884
10657.98949432373
10723.533451080322
10799.964358329773
10872.0279712677
10954.748090744019
11027.346192598343
11103.099883556366
11173.599056482315
11247.497514724731
11315.998232364655
11384.36281967163
11453.203166723251
11545.103340625763
11635.552205324173
11707.011327266693
11771.906727552414
11842.85051560402
11913.40947341919
11977.802741289139
12066.38646697998
12133.453713655472
12198.707366466522
12280.457564592361
12358.715455532074
12450.156033277512
12512.914279222488
12590.319609165192
12674.123155117035
12772.7945997715
12875.854694366455
12936.828842401505
12997.86614561081
13065.973558187485
13128.587574243546
13203.931691169739
13264.160758018494
13333.931855916977
13418.17181134224
13480.081183671951
13547.642454624176
13629.400342941284
13709.183399438858
13775.391372680664
13853.094878435135
13922.575900554657
13983.361350536346
14050.932134628296
14120.24327802658
14197.032982826233
14269.49056839943
14337.21317768097
14406.910570144653
14476.465824842453
14539.959469795227
14610.198445796967
14709.201056957245
14773.482882261276
14838.47521162033
14901.870916366577
14968.809445619583
15050.280545949936
15118.984976053238
15213.204852581024
15280.297443389893
15351.478286743164
15416.186017990112
15496.381057024002
15591.285833358765
15657.649894952774
15724.453793287277
15791.275974035263
15853.685297727585
15933.291865348816
16002.184278726578
16082.54474401474
16147.257613658905
16212.294426441193
16287.515481710434
16360.58560371399
16429.16468644142
16508.257212400436
16574.95125937462
16642.192323446274
16726.91925883293
16790.910036325455
16877.934602975845
16954.641974449158
17029.553013563156
17126.015913963318
17200.107194185257
17280.27613401413
17346.96695137024
17414.975056171417
17487.099014759064
17562.794547319412
17641.522240400314
17701.10035443306
17781.939094781876
17852.516986370087
17916.556076526642
17979.757914543152
18051.100608110428
18124.74556684494
18194.88639807701
18296.88610935211
18394.505825281143
18460.08749604225
18523.729317188263
18593.13529896736
18686.40038371086
18749.853476047516
18826.045749664307
18893.156853437424
18959.801767110825
19037.88399028778
19112.401161909103
19192.640491962433
19256.40483236313
19326.468950748444
19386.935519218445
19472.034117937088
19540.700989961624
19613.509726285934
19708.866458177567
19801.519064426422
19866.062402248383
19934.634032011032
20028.259025096893
20096.46442914009
20162.9107503891
20234.803354740143
20341.35484647751
20401.41022181511
20464.491542339325
20545.09383559227
20613.197175502777
20701.379717350006
20767.381346940994
20838.268303394318
20901.204814195633
20970.743587493896
21042.684454202652
21107.0296561718
21167.983944892883
21245.087685108185
21315.048595428467
21391.805690050125
21453.946482896805
21533.32120347023
21616.874069690704
21707.2344725132
21770.677329540253
21854.490882635117
21915.382297992706
21980.82192015648
22046.078550100327
22138.28029537201
22206.408032894135
22291.804083108902
22359.294432878494
22422.183183431625
22502.878439426422
22583.144240379333
22667.434646368027
22763.64761710167
22836.707182645798
22914.043487787247
22984.243569135666
23054.51368021965
23144.684371471405
23220.044132232666
23284.30434703827
23350.22298359871
23412.932049512863
23494.48807168007
23567.606423854828
23631.2698097229
23701.57728290558
23770.142107486725
23849.59672021866
23937.64060664177
24018.759474277496
24082.367838859558
24148.4638068676
24240.73726129532
24325.43145465851
24399.56013727188
24467.08975839615
24531.110088825226
24602.455387830734
24677.445662260056
24749.806639671326
24822.383126735687
24890.204435825348
24969.970010757446
25036.137783050537
25102.90420770645
25173.12795305252
25254.54997253418
25327.044444322586
25396.75386571884
25464.086338996887
25547.696826934814
25608.64001393318
25689.813621282578
25790.604916095734
25853.737152576447
25923.268573760986
25986.980499982834
26066.29004764557
26144.272963762283
26217.90214896202
26287.227924585342
26372.82829594612
26453.832097291946
26519.896423578262
26589.636276721954
26667.684507608414
26739.20773792267
26807.16137099266
26918.19939184189
26999.148603200912
27067.160520792007
27148.499133825302
27263.155693531036
27345.701903820038
27409.28627038002
27476.45837187767
27546.360052108765
27620.018134355545
27705.65327978134
27776.78527855873
27867.541534662247
27939.149950027466
28003.11563682556
28087.93458724022
28167.845767498016
28230.068897485733
28306.720685243607
28367.973363399506
28431.811740636826
28536.799039125443
28606.574786424637
28669.227851867676
28775.89660167694
28844.447697639465
28917.64759683609
29024.922621250153
29086.549550533295
29184.853524446487
29259.929528474808
29322.63387942314
29392.463389396667
29464.07329583168
29526.356873512268
29594.938750982285
29660.338745832443
29720.62520480156
29796.054272413254
29862.863226413727
29928.97711801529
29999.92101407051
30072.76547908783
30146.607372522354
30220.835772037506
30302.41021180153
30368.5098361969
30439.370397806168
30504.643068790436
30576.116066217422
30648.17742061615
30715.152551651
30778.544497013092
30843.025851488113
30908.96503186226
30972.613018989563
31063.38787651062
31129.00685453415
31196.421578645706
31263.535263061523
31331.1133351326
31431.2481443882
31518.439710378647
31581.089342355728
31659.358954668045
31730.43381524086
31798.062222719193
31863.233829259872
31939.15355682373
32003.072935819626
32075.563272714615
32137.34344959259
32202.668008089066
32272.551109313965
32390.43378329277
32466.328654050827
32530.154411315918
32635.04908299446
32713.347895622253
32791.07399082184
32860.697704553604
32945.21916651726
33017.97491431236
33084.192147016525
33160.55600190163
33238.612494945526
33302.04585504532
33380.28488397598
33446.61994075775
33518.70778179169
33612.569321632385
33677.90651011467
33745.763010025024
33810.17092847824
33891.78521609306
33980.64857387543
34080.14573311806
34162.345965623856
34251.22192454338
34317.132132291794
34393.874227523804
34475.0378575325
34552.374804735184
34635.629001140594
34713.135684490204
34777.7114648819
34839.9655623436
34918.826531648636
35014.875067949295
35110.93080949783
35183.11663842201
35250.38852572441
35325.60664391518
35389.65757346153
35498.712584257126
35570.16000699997
35643.871569633484
35708.78179216385
35772.47502732277
35834.766048669815
35914.55082297325
35987.306275844574
36054.55306196213
36124.72901535034
36212.42347049713
36279.947966337204
36373.13541841507
36457.75321626663
36533.91599583626
36609.534719228745
36676.66981649399
36741.9585955143
36810.625234127045
36870.92287397385
36944.44405221939
37024.95210003853
37087.1655523777
37166.85882258415
37238.824132442474
37316.97250890732
37405.85673546791
37464.951259851456
37548.11881041527
37622.740908145905
37689.87911272049
37755.262152433395
37819.394520282745
37887.27020692825
37949.02156877518
38026.74008107185
38093.940042734146
38155.91203570366
38237.94635248184
38302.916912317276
38374.74437427521
38436.56530022621
38517.54740643501
38584.4906001091
38649.42596387863
38709.125995874405
38795.83481836319
38877.13519334793
38943.58448076248
39023.077137470245
39099.1306848526
39166.395612716675
39233.64384293556
39301.524080991745
39372.98569536209
39440.02546811104
39507.11395454407
39597.085690021515
39666.5619969368
39732.72126913071
39801.87382245064
39870.454225063324
39933.048422575
39992.87321472168
40061.9343829155
40160.14172911644
40238.20576405525
40303.629529714584
40378.09579229355
40451.21228313446
40515.11049032211
40584.23940753937
40670.144998312
40745.646565675735
40816.49872994423
40888.068776369095
40956.3403968811
41024.636551618576
41087.29716658592
41150.60685682297
41249.34217214584
41318.04003047943
41417.96974539757
41479.63682723045
41543.171854019165
41610.61544942856
41678.67579340935
41749.48572683334
41835.29368829727
41897.778631687164
41977.191062927246
42043.29227948189
42103.02420544624
42178.46117091179
42253.8598484993
42328.274320840836
42413.38345384598
42475.91805410385
42544.491549253464
42616.052617549896
42685.43272995949
42756.63846826553
42830.42299866676
42919.856305122375
42997.706421375275
43086.13852739334
43164.091168642044
43228.55391693115
43290.67255783081
43354.76743531227
43426.32088327408
43491.20483469963
43554.49914646149
43637.68168616295
43707.90365219116
43772.23399782181
43837.447261333466
43909.14902853966
43978.9410302639
44053.37076306343
44140.57073354721
44242.03400349617
44313.30874109268
44383.87770032883
44459.74141907692
44528.83683347702
44599.462515830994
44667.87501144409
44733.22651028633
44835.90869092941
44922.61658358574
44988.88165807724
45058.57575559616
45126.700070142746
45194.92002129555
45261.982600688934
45338.03203511238
45404.85526251793
45488.89048361778
45552.33107686043
45625.45925474167
45697.30342745781
45773.401104450226
45843.589334487915
45926.96154046059
45995.54245471954
46061.18056035042
46148.84302711487
46212.16574192047
46277.57239508629
46365.864619255066
46431.18684840202
46519.25035214424
46591.77720141411
46656.55230617523
46746.549718141556
46839.39028787613
46908.03281855583
47005.817454338074
47075.28650379181
47158.02898669243
47225.48370552063
47297.48703813553
47370.328693151474
47453.099603414536
47540.05961585045
47602.94795680046
47672.54726266861
47741.55871295929
47810.80624103546
47877.7715280056
47944.40110588074
48043.48637843132
48109.42816781998
48195.81748890877
48259.581981897354
48336.108827114105
48409.97925853729
48475.50537586212
48581.052389383316
48658.22212982178
48762.38479399681
48835.24522304535
48931.31328701973
48998.405791044235
49058.896023750305
49152.44270515442
49217.56626486778
49289.78736615181
49358.35114860535
49427.20879817009
49505.88478255272
49600.10712790489
49674.363100767136
49768.33012318611
49835.782368421555
49900.337998628616
49975.136739730835
50040.635110378265
50103.76587963104
50171.65320658684
50243.90657377243
50329.739307165146
50400.652669906616
50497.25571465492
50561.461853027344
50634.59743309021
50724.775028944016
50809.507309913635
50909.65703058243
51006.69806814194
51073.06964492798
51161.16376876831
51236.797127723694
51317.47715997696
51382.69552946091
51448.1919362545
51528.955819129944
51593.637531518936
51662.32581830025
51728.87580513954
51834.040014505386
51905.12040448189
51984.22327542305
52052.621339559555
52121.673734903336
52189.999421834946
52258.817638874054
52337.24311327934
52410.55581474304
52471.2621679306
52560.334013700485
52655.94851255417
52719.47089123726
52787.89883995056
52859.33651781082
52933.66296052933
53000.70377969742
53066.78875017166
53132.4780023098
53194.61734700203
53289.318603515625
53357.77646255493
53449.15347599983
53546.119879722595
53638.37182354927
53707.90120387077
53771.49466276169
53839.16448354721
53906.80035281181
53972.99538516998
54063.124338150024
54135.156643629074
54202.34828710556
54269.78277873993
54340.23597931862
54405.179594278336
54473.213223695755
54536.87312531471
54602.81890463829
54675.5029361248
54767.06128358841
54827.86120867729
54894.743837594986
54971.74662280083
55042.03700995445
55105.40363621712
55175.69545531273
55236.15284562111
55298.706226587296
55361.2185690403
55427.897136449814
55519.408593416214
55586.70466756821
55658.276485681534
55730.370764255524
55798.2232670784
55865.67952680588
55938.86400318146
56003.34439730644
56068.6284635067
56153.70348024368
56269.6356947422
56341.0650677681
56412.92622280121
56479.189275979996
56557.20591020584
56646.80991744995
56731.821014642715
56795.6236345768
56862.23950576782
56930.85526037216
56999.74727892876
57116.223133563995
57181.08222985268
57243.58533835411
57330.08032369614
57393.836106061935
57465.55954313278
57563.79612660408
57630.74108338356
57702.14289665222
57768.36229133606
57833.836797475815
57933.97678279877
57996.95044755936
58064.076748371124
58131.51530337334
58213.07921719551
58280.7826256752
58377.31651306152
58440.615807533264
58506.53854584694
58580.50878787041
58655.011098623276
