52.643356800079346
101.149817943573
163.3458650112152
212.80094575881958
261.44819712638855
310.0262589454651
359.1556284427643
407.33586740493774
456.6846466064453
510.3623650074005
558.4037408828735
604.2297372817993
651.6458761692047
701.5574734210968
752.4603762626648
800.4328966140747
849.9281504154205
908.741925239563
957.0330922603607
1004.0617952346802
1049.9638085365295
1099.043438911438
1146.5615603923798
1198.4935579299927
1250.1838021278381
1296.9366543293
1347.8520739078522
1397.0371856689453
1448.0091564655304
1497.1833989620209
1559.029729604721
1612.5197427272797
1660.4316937923431
1712.0852689743042
1760.2928292751312
1808.335277080536
1857.654082775116
1905.2479717731476
1963.0609624385834
2012.5552973747253
2059.672885656357
2110.2742943763733
2161.7545158863068
2213.9395403862
2269.7406923770905
2320.0842752456665
2376.9735741615295
2425.776980638504
2490.6129488945007
2547.5375232696533
2598.1385521888733
2647.6058661937714
2716.436211824417
2774.522934436798
2826.410724878311
2881.3206412792206
2938.997410774231
2986.913988351822
3037.154363155365
3087.5085096359253
3143.6547389030457
3193.259500026703
3243.2524580955505
3297.254313468933
3345.7765889167786
3403.513070821762
3453.095736503601
3504.5519359111786
3552.677025079727
3601.850526571274
3651.2569971084595
3701.843145608902
3760.7142288684845
3808.2793016433716
3874.289086341858
3922.381273508072
3988.4413826465607
4035.734620809555
4086.122710466385
4140.35481262207
4192.533725500107
4245.490443468094
4297.658221483231
4346.452618360519
4397.744109153748
4445.335082292557
4495.178483963013
4546.170090913773
4597.617593765259
4651.8887441158295
4708.483378410339
4763.148584604263
4815.002181768417
4863.663249492645
4914.205330371857
4967.362318277359
5019.153687238693
5070.608476161957
5134.456312179565
5190.410092115402
5235.033801794052
5283.785483837128
5335.903338670731
5382.466180562973
5433.045248270035
5478.646954059601
5536.780722141266
5583.511004686356
5633.999974012375
5688.624817848206
5738.1122760772705
5788.673091173172
5836.522374629974
5887.120545387268
5936.946711063385
5987.785617589951
6037.310829401016
6083.622843980789
6135.102922439575
6185.577994346619
6248.902758598328
6301.524430274963
6351.002282619476
6402.083691596985
6452.726610898972
6498.9069211483
6550.712406396866
6600.749118089676
6650.523980140686
6703.5648782253265
6753.502377986908
6812.144592046738
6865.276949644089
6913.069825172424
6965.168344974518
7017.60782122612
7068.123585700989
7118.398723125458
7174.2305471897125
7223.65137553215
7274.491016387939
7321.224686861038
7369.15580201149
7435.190725803375
7482.883516550064
7543.419146299362
7596.476170301437
7664.435592651367
7715.122583389282
7765.001407146454
7826.887962579727
7872.186853647232
7922.231689453125
7969.320383548737
8019.1594178676605
8068.469441175461
8121.085347414017
8170.066215991974
8214.429686784744
8266.037807941437
8313.489667415619
8372.354295492172
8427.087381601334
8489.559656143188
8557.015372037888
8610.152292490005
8663.479273319244
8712.241958618164
8762.451605558395
8817.601824522018
8871.953815698624
8923.02025938034
8970.827162742615
9017.394657850266
9072.140689134598
9118.071254968643
9168.656368017197
9216.938730478287
9264.10209107399
9318.006809473038
9369.832775115967
9416.73959183693
9471.386436223984
9521.60505604744
9573.15294599533
9619.171041250229
9668.402257919312
9727.626847982407
9778.024286031723
9825.56938624382
9876.517857074738
9924.115685224533
9973.26394867897
10027.367925405502
10073.308957099915
10128.01094031334
10181.5588824749
10229.808027505875
10279.855188131332
10337.130684375763
10382.825139760971
10430.242097854614
10483.334090948105
10546.596600294113
10593.849472522736
10649.707746744156
10706.198788404465
10758.572695970535
10815.392280340195
10863.781405210495
10914.331289768219
10973.176161766052
11021.274174928665
11081.543540239334
11134.802738666534
11186.170919418335
11239.46882224083
11295.888257265091
11343.517558574677
11389.275661468506
11440.934693813324
11487.437216758728
11541.861419439316
11601.566858768463
11655.265174865723
11703.310223579407
11755.670299053192
11809.9029006958
11857.759268522263
11907.885095596313
11963.95437335968
12010.633174657822
12058.740495204926
12112.904164791107
12166.197680473328
12211.996313333511
12267.009003400803
12320.013047218323
12381.873812913895
12440.30071091652
12497.313920259476
12549.46887588501
12600.149460554123
12649.462692260742
12705.868242025375
12753.032740831375
12799.897922992706
12844.647724866867
12899.738882303238
12963.578490018845
13016.203224897385
13078.283187389374
13123.752967357635
13176.649889230728
13222.84064078331
13280.661100387573
13326.016075849533
13374.60429406166
13422.506305932999
13478.466184854507
13526.18663764
13587.414148807526
13646.972141504288
13698.693040132523
13746.858641386032
13809.513812065125
13868.004286766052
13914.51635336876
13963.805683374405
14022.890236616135
14079.517347335815
14133.103059530258
14185.35045170784
14231.1117105484
14285.440919160843
14333.39402103424
14379.897565126419
14428.93560552597
14482.171914815903
14530.187174081802
14581.900022268295
14642.96193599701
14699.27008986473
14748.080689907074
14796.667042732239
14862.016180753708
14926.273459672928
14980.055738925934
15032.80129814148
15082.211265325546
15141.584607362747
15205.415563821793
15260.911732912064
15324.119307756424
15375.96808052063
15439.95094370842
15488.453049182892
15539.69791173935
15593.798836708069
15664.19711637497
15713.0061044693
15784.636730194092
15834.529200553894
15894.936168909073
15943.954588413239
15991.68117570877
16043.58698439598
16093.933363199234
16154.112508058548
16203.451849460602
16257.213767528534
16310.724896907806
16371.538729429245
16425.936645507812
16475.68599963188
16530.96191573143
16582.210508823395
16640.77849149704
16704.863703727722
16761.171588420868
16812.225191116333
16869.802311897278
16919.517339229584
16972.91641688347
17024.929000854492
17073.737285614014
17134.945620298386
17183.227521657944
17233.476289749146
17284.793226003647
17347.403720378876
17399.961693048477
17452.036274194717
17504.749254465103
17551.912570476532
17610.338992595673
17662.743709802628
17710.651181459427
17762.34939455986
17807.365111112595
17864.33954524994
17913.310081005096
17961.523423433304
18012.217961788177
18066.89837384224
18125.977638483047
18176.031273841858
18228.064907312393
18275.711802959442
18323.548098564148
18389.43337893486
18438.851944208145
18488.199063062668
18535.127415418625
18586.49443912506
18652.892229557037
18707.039936065674
18753.862169504166
18806.51326727867
18867.09771823883
18925.764266252518
18973.223615169525
19036.56334209442
19087.978623390198
19134.96773672104
19194.889478445053
19265.523235797882
19316.296055316925
19366.979773759842
19414.072554826736
19472.901044368744
19520.90936255455
19570.17374753952
19623.537206172943
19686.402468919754
19741.427340507507
19813.067397594452
19875.07753109932
19924.724271535873
19978.886522769928
20034.53621196747
20095.665102481842
20146.566946983337
20196.891410827637
20246.987810373306
20295.387607574463
20354.142742156982
20401.81562256813
20450.803656816483
20508.97843670845
20566.20643568039
20615.76855134964
20673.473926782608
20719.02713370323
20767.434195280075
20813.667287111282
20871.44644331932
20922.360625505447
20981.422362327576
21027.55603170395
21077.261179208755
21128.801644802094
21181.076236009598
21242.8646838665
21293.179020404816
21340.142312526703
21397.321088314056
21442.77328324318
21501.037695884705
21559.169355392456
21605.419585943222
21659.666254281998
21706.17711663246
21754.066676855087
21802.573361635208
21874.61800456047
21921.135724782944
21970.640155553818
22020.54483437538
22080.53139066696
22130.226328849792
22189.682914972305
22235.955448150635
22285.044656038284
22338.502244234085
22389.459777116776
22439.975877523422
22503.532932519913
22559.102865457535
22607.921033859253
22658.358984947205
22706.6001329422
22755.328274965286
22820.28435921669
22884.275839805603
22942.15394258499
22990.446076869965
23037.765822172165
23085.153947353363
23145.642010211945
23194.239473342896
23255.474769830704
23302.2824177742
23356.757167339325
23403.955997943878
23462.582803726196
23517.08898472786
23566.21246123314
23625.63634634018
23677.272109270096
23727.81548333168
23776.336821317673
23848.438807725906
23896.329533576965
23944.680928468704
23999.50502371788
24047.66363120079
24111.68848180771
24173.977060317993
24224.923585414886
24276.898141860962
24326.011588335037
24375.608906030655
24426.122935771942
24490.54296684265
24537.41915869713
24585.699536800385
24633.39142036438
24684.302313566208
24738.755224227905
24789.342967748642
24852.21586060524
24912.384286880493
24966.158888101578
25015.85477089882
25068.435401678085
25116.603622674942
25171.42075443268
25238.80449128151
25289.128471136093
25336.56864953041
25385.320944309235
25437.69634437561
25487.92949986458
25553.50910806656
25603.741802453995
25653.805446624756
25717.249317646027
25763.970026254654
25817.51294207573
25883.38382768631
25948.049510240555
26002.4293756485
26050.929037570953
26101.664376974106
26160.52155160904
26209.566856622696
26260.742779016495
26326.358053207397
26389.65250325203
26439.810790777206
26490.366029024124
26537.79991221428
26590.21037888527
26644.152473688126
26706.42293024063
26755.231573820114
26806.88731956482
26855.66443490982
26906.331598758698
26958.09867954254
27006.73736691475
27071.43196463585
27122.456461429596
27170.468319416046
27221.80406141281
27269.1648581028
27315.329588890076
27362.42533516884
27410.73576760292
27474.128250598907
27523.49285006523
27583.46892929077
27638.04409980774
27688.681485891342
27737.152753591537
27787.67657351494
27856.012371778488
27904.878624677658
27967.251469135284
28015.02904200554
28064.3547437191
28112.0057015419
28160.837792396545
28227.421281814575
28274.370057582855
28322.241687059402
28372.621055603027
28422.246608495712
28474.549014806747
28523.094497203827
28573.587727069855
28638.067885875702
28687.841064929962
28740.111564397812
28791.692165851593
28840.779279470444
28888.616233587265
28937.67770600319
29018.58942437172
29067.696073055267
29118.286475419998
29173.177744627
29221.32467341423
29273.139154434204
29322.16006755829
29371.146795749664
29439.50771999359
29497.583530902863
29545.666501760483
29601.289796113968
29656.31952738762
29706.593710660934
29759.441464424133
29807.566837072372
29871.896556854248
29936.059362888336
29984.800268888474
30032.562208652496
30087.249399662018
30136.76314330101
30187.08520102501
30237.011657476425
30312.518096208572
30365.354095697403
30412.487263202667
30463.553708553314
30521.051163196564
30569.83263206482
30632.891282081604
30683.53731918335
30757.397950410843
30809.122399806976
30859.42224431038
30908.448452472687
30956.453119039536
31017.05872941017
31070.60028243065
31122.319317102432
31188.963058948517
31240.955228805542
31299.46361374855
31361.326518774033
31408.19851875305
31471.43347144127
31528.235793590546
31579.843464374542
31628.614473342896
31697.41978430748
31749.247898340225
31818.310994386673
31865.440173625946
31920.280050754547
31975.90128350258
32023.67258000374
32087.21961092949
32157.558954000473
32205.77289223671
32260.367320775986
32308.493575811386
32361.018342018127
32412.529810905457
32463.750230550766
32517.165193796158
32565.466945648193
32634.73035120964
32686.833308935165
32737.522991895676
32790.10091853142
32839.9958281517
32891.625730752945
32947.54016470909
33001.2550265789
33078.0632891655
33128.56280732155
33177.72388505936
33228.63724255562
33277.91001033783
33326.86696767807
33379.44373369217
33427.89071941376
33483.134925842285
33554.88975691795
33602.192304611206
33652.6856982708
33709.00580120087
33758.07901763916
33812.208761930466
33863.531955718994
33922.40739059448
33972.025240659714
34040.256741285324
34090.884397268295
34140.72128582001
34190.73679971695
34240.27794790268
34298.44307255745
34346.43766283989
34394.184245824814
34442.48053383827
34514.62886881828
34568.90416455269
34618.800884485245
34679.74378466606
34729.303679704666
34781.69320201874
34830.33469557762
34879.16931319237
34928.38818144798
35001.3651072979
35050.97080492973
35099.663959503174
35160.61530828476
35210.74725675583
35267.55931901932
35314.22526025772
35365.40426468849
35414.32986021042
35466.62092900276
35538.50784897804
35602.898243904114
35651.73737835884
35700.89430522919
35748.570845365524
35799.69425344467
35851.93679141998
35917.99159193039
35966.915447473526
36040.707753419876
36091.483449697495
36141.11905026436
36191.40045309067
36242.90200829506
36291.509100914
36338.96521258354
36385.85879898071
36438.21692728996
36487.5863199234
36556.32011151314
36608.51415801048
36659.51758003235
36708.03797626495
36757.78387308121
36806.1734957695
36869.60992646217
36922.02502775192
36970.96038269997
37044.9842813015
37099.89084005356
37148.35215806961
37196.56235694885
37244.68685770035
37293.26983523369
37350.984462976456
37407.19372057915
37454.77779865265
37504.1297724247
37576.57578802109
37628.02678656578
37678.456701517105
37745.00652003288
37796.566277980804
37845.38359236717
37900.25624680519
37967.22239613533
38021.007070064545
38070.115773916245
38142.91816782951
38193.45203113556
38243.231332063675
38301.90786910057
38351.94799566269
38416.340834379196
38463.52942252159
38523.66354346275
38572.9494535923
38623.5653192997
38695.94814944267
38752.89951467514
38802.58424735069
38861.66984462738
38917.826380968094
38968.824194431305
39018.6778447628
39068.97498178482
39120.437798023224
39170.119535684586
39245.962769031525
39293.88563466072
39342.25562667847
39395.11857867241
39457.36491107941
39505.85801720619
39557.39979028702
39607.330951690674
39658.105538368225
39708.58238482475
39781.560863256454
39830.7448015213
39881.39347910881
39935.37167048454
39986.29789638519
40037.758091688156
40090.0328412056
40141.19685935974
40190.59754252434
40254.18126487732
40304.8083088398
40383.30665183067
40431.68767762184
40483.757909059525
40536.24753475189
40586.64688563347
40635.23629999161
40691.719917058945
40742.60745000839
40790.44178843498
40851.138540267944
40928.24494290352
40977.852726221085
41027.407327890396
41079.2878036499
41132.11053061485
41199.48535013199
41249.715697050095
41298.99167943001
41349.40705060959
41400.53034281731
41454.441600084305
41544.545174598694
41596.04244399071
41659.636957883835
41710.26551294327
41776.1248319149
41840.52891540527
41892.42111325264
41941.91054534912
41990.37054491043
42042.707797050476
42099.98978161812
42174.58448457718
42234.67370247841
42283.897156238556
42331.08776926994
42392.40804934502
42441.58654713631
42493.67429757118
42546.23169589043
42599.58618068695
42648.3364136219
