43.28175187110901
91.12849545478821
136.3032886981964
179.60480260849
241.39472246170044
283.8234417438507
341.66298365592957
382.459814786911
424.9553864002228
469.652179479599
512.9743399620056
564.1048078536987
626.0570893287659
676.3602766990662
719.087043762207
764.7608952522278
805.4592278003693
849.0322971343994
901.4239866733551
949.4559242725372
991.0822985172272
1035.7910764217377
1081.3050107955933
1124.1242055892944
1166.8497517108917
1219.0530548095703
1279.5437943935394
1332.5100619792938
44.53240656852722
86.8523736000061
132.045658826828
182.59124898910522
223.51329445838928
264.17593145370483
317.86126613616943
363.4074282646179
410.70439100265503
457.80596566200256
