76.66752219200134
140.54409956932068
200.83947205543518
265.0385413169861
325.0126576423645
386.71720457077026
446.8221914768219
506.4552757740021
568.9918787479401
630.0506887435913
692.0787813663483
770.3399815559387
849.187442779541
931.7478184700012
997.8609292507172
1072.9455516338348
1138.616072177887
1212.8259117603302
1275.6523962020874
1352.3600451946259
1430.0946817398071
1500.3278784751892
1564.329303264618
1628.8690955638885
1693.6690244674683
1768.1345257759094
1833.7484076023102
1901.551331281662
1961.0803754329681
2026.0503697395325
2085.2178542613983
2149.7716965675354
2211.308939933777
2272.3424985408783
2331.681552886963
2391.8895106315613
2452.000963449478
2527.1586356163025
2594.393304347992
2662.438800573349
2726.8042402267456
2801.3102271556854
2869.673708677292
2939.0703818798065
3011.2522642612457
3083.882637500763
3157.4993538856506
3222.216027021408
3298.57355594635
3365.460303068161
3435.43337059021
3507.692583322525
3572.850443124771
3641.4318969249725
3722.5618526935577
3788.4995923042297
3859.922460079193
3939.9978351593018
4006.497013568878
4091.252823829651
4178.7367424964905
4241.918186187744
4316.621285438538
4381.043858766556
4442.304738044739
4507.849855661392
4586.638472557068
4671.1410410404205
4732.593601703644
4797.941965818405
4865.250449180603
4925.669867277145
4984.492390632629
5069.373181819916
5139.142941951752
5202.868973493576
5264.552059412003
5323.707377433777
5389.021390676498
5464.6061770915985
5526.840951919556
5591.151839256287
5660.354185819626
5726.005373239517
5786.272789478302
5844.792885065079
5914.134517669678
5975.976196527481
6041.038334608078
6103.257138967514
6166.649806261063
6235.8948447704315
6299.821523189545
6366.36109662056
6427.989971160889
6494.0749254226685
6555.937525987625
6618.3872590065
6694.187875509262
6755.57009267807
6834.034870624542
6895.095236778259
6957.324425935745
7018.423862934113
7092.490198135376
7176.706548690796
7253.222131967545
7318.2832107543945
7389.711147785187
7463.762362718582
7541.991880893707
7599.963287353516
7674.12620306015
7745.481189966202
7815.334997653961
7875.850455999374
7959.341686248779
8030.519472360611
8095.9240193367
8159.5461893081665
8222.795410633087
8298.553508281708
8357.911658525467
8441.588752746582
8507.489488840103
8572.20623421669
8648.403962612152
8719.712506055832
8802.290374040604
8876.840734004974
8935.856464862823
9000.333223819733
9063.769802570343
9135.28544974327
9195.278248548508
9265.758606672287
9333.231921672821
9407.286928892136
9467.78315782547
9532.077935695648
9596.052104473114
9676.518001556396
9762.325238466263
9822.141480445862
9888.107816696167
9949.191104888916
10010.634353637695
10069.388508319855
10132.829902410507
10192.684309005737
10266.917237758636
10330.314118385315
10391.488766670227
10460.040976762772
10522.65733242035
10601.483194112778
10667.663387537003
10733.646830558777
10794.62118434906
10851.840130329132
10930.801944255829
10992.265793085098
11063.528720855713
11145.626787185669
11211.447540283203
11271.142464876175
11329.149330854416
11396.78443479538
11459.700098752975
11525.409730911255
11590.883956193924
11651.783469200134
11713.729873657227
11772.069596290588
11837.363077640533
11910.477540254593
11977.00286245346
12049.140224456787
12120.164533138275
12183.001107931137
12251.857167959213
12320.560184955597
12384.00073480606
12450.306859254837
12508.494803190231
12596.217907428741
12657.464118480682
12715.653797388077
12782.064453840256
12841.664299964905
12903.632207632065
12971.08579492569
13036.116888999939
13105.096857786179
13170.16974568367
13233.156617879868
13296.53755903244
13359.634598731995
13430.189379453659
13497.637677669525
13562.451076984406
13623.943549871445
13718.073691129684
13787.86057472229
13851.220263004303
13920.749080896378
13991.329455852509
14056.358718395233
14119.604232788086
14197.371497154236
14260.706671714783
14351.424638271332
14432.46849822998
14504.207130908966
14572.656831979752
14661.11063337326
14721.335212230682
14780.097052574158
14847.544037342072
14906.374327898026
14965.131772756577
15034.360612154007
15092.937573432922
15149.470791816711
15224.322322368622
15289.385112762451
15349.770213127136
15425.886728286743
15490.03184890747
15562.294248819351
15621.758571386337
15687.460230827332
15750.098675251007
15813.023410320282
15889.48879647255
15951.902663230896
16024.510817050934
16084.36288690567
16153.3951151371
16213.621598005295
16296.75876045227
16363.012229442596
16423.095046043396
16502.966186761856
16563.105803012848
16636.18315243721
16694.64589691162
16760.222841262817
16826.03278875351
16894.789219856262
16959.280284643173
17021.077914476395
17099.2609064579
17194.94792485237
17272.670259475708
17346.054089546204
17407.924617528915
17494.315952062607
17554.578810930252
17626.39445233345
17689.091740369797
17755.79258275032
17813.878972053528
17883.117830991745
17949.38407588005
18008.463931560516
18065.632145404816
18146.391847610474
18203.805958271027
18264.39442706108
18331.9390501976
18393.34485387802
18450.739467144012
18530.84142112732
18599.961862802505
18661.54899907112
18720.53251361847
18782.639196395874
18854.285359859467
18925.591778039932
19007.80898499489
19081.068688869476
19153.714019298553
19214.541363477707
19283.87621665001
19345.8476395607
19439.832405090332
19515.321370601654
19602.584760665894
19662.641552448273
19726.666243314743
19800.80656313896
19861.692618608475
19926.00196814537
20004.29917216301
20074.972913742065
20143.62779211998
20203.811239480972
20272.847323656082
20341.412762880325
20424.06169939041
20497.13717198372
20555.738677740097
20628.734889745712
20686.83025431633
20750.946435451508
20812.484199523926
20877.787496566772
20953.464021921158
21019.67927980423
21084.366674423218
21150.51308107376
21225.331441879272
21293.907777309418
21355.44175386429
21425.39494562149
21489.84248638153
21566.982980251312
21628.29120707512
21694.447670936584
21759.043768167496
21838.589153289795
21896.423956155777
21966.734741449356
22040.43691253662
22105.7770755291
22178.905371189117
22236.762888669968
22298.06906437874
22355.555556058884
22437.187984228134
22507.364760637283
22566.494150877
22628.07635617256
22689.634044885635
22768.968223810196
22828.13948583603
22889.75199174881
22956.57940530777
23013.57893037796
23102.86732339859
23162.258751153946
23223.359404563904
23284.10702419281
23343.359144687653
23422.598707914352
23484.055104255676
23550.87122821808
23613.215555906296
23671.625525712967
23743.023510932922
23808.494217157364
23872.85647034645
23932.977432250977
23995.88153243065
24069.573224782944
24128.942653894424
24191.30277442932
24250.697888612747
24312.351029634476
24389.833178281784
24459.352289676666
24533.15921473503
24604.232535362244
24696.477983236313
24767.001075983047
24828.14670586586
24891.53906726837
24956.277223587036
25015.267692804337
25093.976414442062
25155.703737020493
25216.2750916481
25278.759008407593
25344.90278482437
25433.955901145935
25493.869513750076
25554.121817827225
25621.442868947983
25687.853637218475
25767.26821041107
25831.532833099365
25895.745231628418
25956.131043434143
26033.887393712997
26097.249029636383
26176.93758201599
26244.74250149727
26310.25682425499
26374.887403726578
26438.913247346878
26517.38902950287
26583.71139192581
26652.808021068573
26724.311540842056
26790.15126800537
26852.50113272667
26933.30902504921
26995.745480775833
27058.581230401993
27128.641481876373
27192.82443189621
27273.757120847702
27336.988255739212
27395.568407058716
27463.33317899704
27527.513848543167
27584.25157546997
27661.031777381897
27737.934475421906
27797.307053804398
27863.999753713608
27923.727867126465
27997.979671001434
28084.71550512314
28149.54754471779
28233.654531002045
28308.852772951126
28378.670768260956
28436.432762622833
28508.65499305725
28569.152169704437
28630.242916345596
28692.471346855164
28765.38610315323
28825.943333864212
28915.538049459457
28983.773684978485
29057.94440484047
29116.845269680023
29177.341398715973
29250.297243833542
29332.79162955284
29415.120779275894
29477.574721097946
29549.990582704544
29622.623020410538
29687.81053996086
29784.100697755814
29856.004390478134
29928.884262561798
30001.925693035126
30064.125424861908
30126.745790958405
30221.81825685501
30287.317462444305
30351.130776643753
30415.67501926422
30477.617157936096
30549.292732477188
30618.844640493393
30697.605021953583
30764.574702978134
30825.943068504333
30893.55555987358
30955.16651892662
31015.808697462082
31091.30070590973
31171.881775856018
31261.92828631401
31325.07805132866
31408.376517772675
31476.0097489357
31560.185175418854
31636.73164820671
31703.1386654377
31765.560922384262
31834.768421173096
31900.557144880295
31965.769425153732
32051.96241903305
32136.277849912643
32200.03266644478
32265.717678308487
32329.094150543213
32409.313849925995
32470.94626045227
32556.292544603348
32620.64019179344
32683.879252433777
32746.566600084305
32820.5878636837
32881.85179758072
32961.09938645363
33031.4629573822
33094.479345560074
33157.86163043976
33219.812740802765
33282.663422346115
33343.846350193024
33423.08255529404
33509.6861538887
33576.57205939293
33644.84825134277
33728.17595362663
33794.590958833694
33868.656223773956
33958.84306907654
34043.326234579086
34104.394250392914
34177.86910176277
34242.58600401878
34304.61870408058
34370.72032499313
34453.13477182388
34513.83152985573
34584.497522354126
34653.25622200966
34718.698362112045
34782.296048641205
34847.06404900551
34930.39203095436
34993.90505981445
35057.50758981705
35151.46051096916
35215.46448326111
35284.57778906822
35345.757281541824
35405.92810702324
35494.02556848526
35563.8097486496
35638.107838630676
35714.33743143082
35783.460765361786
35851.55647444725
35922.784168720245
36005.37708210945
36074.55790567398
36140.798100948334
36204.63970375061
36289.621881723404
36355.31067967415
36425.91110897064
36507.60644674301
36571.95533275604
36642.69834446907
36705.13140153885
36783.54617643356
36856.08642935753
36921.09428691864
36986.979022979736
37088.484066963196
37167.807658195496
37256.50262784958
37318.78202724457
37382.38875722885
37445.77723836899
37517.02187752724
37586.11322951317
37672.231446027756
37738.25723409653
37816.37976360321
37904.31961250305
37972.3621609211
38045.86917972565
38114.39441394806
38198.65782785416
38266.36071443558
38338.10705828667
38404.53562569618
38476.68908691406
38552.982171058655
38628.89780044556
38699.48720788956
38793.41980552673
38861.10209107399
38925.160777807236
38989.683227300644
39074.69405293465
39139.22346830368
39209.57131743431
39278.42481946945
39370.40410590172
39434.8135573864
39506.67530465126
39572.3375120163
39640.590185403824
39713.17365813255
39778.60301923752
39845.94438934326
39960.2472615242
40030.90322327614
40093.35249900818
40169.09504008293
40233.92029953003
40309.67791938782
40379.18520307541
40445.42921042442
40532.58966612816
40603.38906621933
40669.15972328186
40739.76624703407
40808.24047970772
40884.480880498886
40946.13861703873
41022.68158555031
41111.19792819023
41184.001430273056
41249.6953189373
41314.173996686935
41382.828196287155
41446.30413770676
41517.853791713715
41604.10417985916
41671.86524939537
41762.44058060646
41832.45069169998
41897.46899318695
41965.2863407135
42030.731321811676
42096.37771320343
42159.585257053375
42233.34350609779
42325.85549449921
42398.772725343704
42463.47000360489
42529.49183130264
42596.48417639732
42672.22500896454
42752.68724298477
42842.40596795082
42911.99038052559
43004.60738515854
43081.039583444595
43169.87925052643
43258.86183714867
43331.128736019135
43399.33213186264
43468.1607196331
43540.89927363396
43615.932857751846
43706.99672603607
43773.212012290955
43848.67172384262
43922.00548696518
43990.92424964905
44058.46964716911
44123.764437675476
44188.68498969078
44288.1977455616
44368.25129532814
44446.89881324768
44520.240198135376
44595.49176311493
44665.06818294525
44742.660915613174
44817.51038122177
44885.10972261429
44974.28719687462
45044.576479911804
45120.12552404404
45188.86848163605
45259.31378221512
45332.25901532173
45405.63605976105
45480.147896528244
45554.16149735451
45623.43762874603
45719.55191373825
45799.40340900421
45887.828583955765
45957.09548807144
46023.11342549324
46096.373792886734
46164.54596424103
46233.10890197754
46297.76301908493
46389.26485204697
46462.448060035706
46539.389543771744
46609.594546079636
46685.55378293991
46783.84600019455
46849.54050064087
46919.66951227188
46986.00352716446
47095.752803087234
47160.082815885544
47243.04479146004
47307.073930978775
47371.30432224274
47440.16713857651
47510.154720783234
47593.107023477554
47664.90197658539
47761.45127081871
47827.95806360245
47902.060626745224
47977.89593720436
48047.9332613945
48125.74063539505
48198.470034360886
48280.81008410454
48347.5391163826
48409.135615587234
48506.666372299194
48569.7177093029
48637.835382938385
48721.87316727638
48786.2420527935
48860.74303627014
48929.196254730225
48997.81989479065
49073.66514515877
49137.6207048893
49234.195631980896
49299.128682136536
49388.78818821907
49458.681822776794
49536.900658130646
49613.01915597916
49701.57879638672
49766.96216869354
49835.67817211151
49901.755417346954
49993.80858254433
50061.50749588013
50151.524841070175
50216.68801307678
50287.12819337845
50350.50675153732
50415.582642793655
50480.487156391144
50543.082177877426
50633.58449220657
50699.9137506485
50775.10569238663
50850.41967749596
50932.35677886009
51000.15227270126
51078.39340758324
51142.592200279236
51206.637825489044
51271.32997632027
51340.33820915222
51431.7811152935
51494.96318030357
51560.14377641678
51631.18830561638
51697.359466552734
51784.68811893463
51855.98286771774
51920.54582262039
51996.275273799896
52093.126672029495
52190.29358935356
52266.490642786026
52334.95981311798
52419.25955057144
52501.3986992836
52565.230417490005
52636.715938568115
52709.231922864914
52782.23136520386
52850.80956029892
52945.56167268753
53010.33023071289
53086.550750017166
53152.311284303665
53223.59280014038
53290.68568944931
53354.1146812439
53441.01534819603
53518.07896399498
53587.02217054367
53662.46674466133
53780.49189949036
53852.10975790024
53920.93663787842
53985.31526708603
54051.88335609436
54119.896642923355
54189.26070380211
54266.57907676697
54347.538258075714
54414.040389060974
54534.39175605774
54603.14344167709
54672.13356399536
54761.921442747116
54834.151741981506
54899.38193440437
54962.56112027168
55029.71063542366
55097.23749065399
55167.54187107086
55236.891238451004
55332.857589006424
55406.0979309082
55476.64451241493
55558.40606331825
55624.24295949936
55704.398362636566
55771.876901865005
55840.64784574509
55903.65162920952
55973.275384902954
56036.74218869209
56133.867250204086
56204.12931251526
